1.6622800163704952
1.3965236807445098
1.5569104080813476
1.7622181722249515
1.8377698513257839
1.8963226919189684
1.3706002868306255
2.076238121235419
1.7016100226799145
2.105357251371702
2.143966337636612
1.9647441134266046
1.8776978542719456
2.3405528787812484
2.3604695631295014
2.1672474910604373
2.9103142717015777
2.3990868779899954
2.572575486012711
1.9504881984549627
2.1516626231715823
2.4932981806683157
2.7306224614616093
2.446802183867554
2.7766929484253553
2.8975022862648068
2.6647400645124435
2.6714460927420753
2.9129816953991865
2.77800956838507
2.584309306713506
2.6595189551792915
2.8041681324688925
2.596014592672453
2.5005224818494174
2.635906991016969
2.41189491298439
2.274532965922681
2.2376069453521814
2.6389414606448285
2.610600641651356
2.2742435816603965
2.8702322641863534
2.6189634682870406
2.680632357497617
2.3229370421077666
2.6312741464173484
1.9187919036537444
2.8104911792190856
2.5981696503281437
1.4096562868175724
2.631424896155472
2.433225541790018
2.5019439592750894
2.5913031310730448
1.955282906781998
2.7394014907248114
2.546626035799467
2.778864282842544
2.42959735711653
2.846806635175591
1.3337348422057937
2.5501984187591566
2.3447318293426975
2.763975461021548
2.7303410555186787
2.5235079312431274
2.650674984689986
1.771616150952735
2.639914754815008
2.7006342819042204
1.397917924797477
2.682079316372983
2.2290450044839942
1.6784766437587577
1.9126453446148255
2.536020864826699
2.441811468523809
2.462510095831389
2.558683541936988
2.0545808053714834
1.5741422083425256
1.7801719728938368
1.949865627743649
2.0748315990236144
1.954021706258363
1.9045058143036964
1.583632971663484
1.4395396940427219
2.009226106863626
1.6339587791865524
1.5499715429505412
1.8983504310628123
1.9247389422007317
1.7542389155104599
1.4224154947077174
1.074942017834025
0.7332455235201154
1.3554109792511206
1.3222259688645903
1.4567427050540376
1.2437601401623803
1.170022643406318
1.323812896370658
1.4028232347592975
1.5396564701236652
1.322044775272984
1.1410381586798026
0.3302887673181374
-1.9182911253626358
-1.7616145680272393
0.3186120276203006
0.8807279557109347
1.107094604642271
0.9414747199163012
0.8494985144265303
0.6234045756309641
0.7654006829263507
0.8762981750223027
0.45440050461853687
0.435362559816439
0.40557714980419224
-1.5557884318013144
-0.6384555235924934
0.6611818771997209
0.24433713140841196
0.81547356960328
0.9224318986143336
0.7001839519100725
0.504322194120391
1.108944209505749
0.9598573479452308
0.6337675429378242
1.2503181772061187
0.2611441201394351
0.3233652705152943
0.07127618381614786
-4.860661938013936
0.06569364728906177
-0.5473912643552739
1.3074371895389243
0.3644069680494546
0.9345433021795069
1.4011770013293066
2.628015367951518
2.2744751887636805
2.3370615924831735
2.477100524681894
2.1446630633730748
2.2514315180726587
2.222618399602822
2.5146177991440495
2.2188057372637626
2.3223129115772343
2.296188957631252
1.8450144120234722
2.2495605176765685
2.178420948257264
2.3068729818587963
2.1336432747624285
2.420821357984883
2.0479057700263508
2.382251272597456
2.1309731890529404
1.9215801185831713
1.6601502711876042
2.2309603554926243
2.3401677446766502
2.37737417456728
2.4214993572373227
2.176120250513947
2.352128662200981
1.5971342421631038
2.1105411029538335
2.1331398547236065
2.0890896680513387
2.2972041298468935
1.9877757927921316
2.4613241213395485
2.4261145608525028
2.0739359579621652
2.043852721508932
2.265327961868435
2.280986524411046
2.4431357892706833
2.4560046947253364
2.4973149594296906
2.5337899560570865
2.2467312753397763
2.4007112139643443
2.3520058744541585
1.6320824308934578
2.4594873251681304
2.354872819636224
2.21980035449302
2.262611475483982
2.354794608266624
2.397706376595325
2.1829451533406696
2.5221673909568776
2.2667397349493346
1.7301157372008866
2.2855966519577904
2.0824391935428066
2.0055865783030558
1.9403596230018185
2.1255303252842994
2.1072122030339795
1.6615216935167902
2.1474894245600336
2.369743200155381
2.3429686325695935
1.6386378239356834
2.0472247609537897
1.7008967130321633
1.7915273645812833
1.6767962839254626
1.863163698057773
2.234080457516807
2.021593732823165
2.0239341367329517
1.19866216969567
2.1392387880873036
2.1826631521603814
1.8430614403525505
2.363841130852009
1.7150801912608915
1.9865086773109586
2.1865522722675
2.258233361619973
2.1773267622995442
1.852217658513183
2.3522277355843624
2.1426917411151862
2.400969060892809
2.346566433670398
2.1744058948250657
1.9895660063995413
2.067033427244117
2.3312794059550193
2.11928000628479
1.363548509156376
2.413420957851648
2.2469080424012473
1.831044656531371
2.1314878416836818
2.1992663487332833
1.9963515164548258
1.8197898276493651
1.9719407483844926
2.0919133606490443
2.137536877630121
2.3573140597873303
2.1750946065238836
2.279842269586033
2.035228780154846
1.8928731600219177
2.0964155312729917
1.6629206462040345
2.297693513083631
2.0209799253675174
2.039948976373845
1.8138163245148116
0.8626482703002147
2.1725793256657626
2.2827535814427637
2.1142579223149407
2.1305116552233914
1.8726582465965138
1.8962597352619182
1.9757932919502834
1.3674934673855863
1.9927756084755344
1.789226994669547
2.0014952709268115
1.7828008552474324
1.8250641840235153
1.9231297069741613
1.880001683888799
2.0003929867200116
1.994510543033492
1.8411989694901294
1.6891131360040146
0.6792924595559757
2.1128252300226578
2.0067481880974927
1.869435217259344
2.0046147383832014
1.9997520745116768
1.8704325012853595
2.2424401130241667
1.9429037821887118
2.0695722100227045
2.000070197032507
1.86679364824808
1.7480984637897068
1.7303614700929377
1.86066964692372
1.880910729310846
1.5697065479450996
1.8466661307236647
1.5968645014793328
1.8000367709520497
1.012051140019552
1.738140799047326
1.583487347091633
1.768343996949017
1.6756987666371277
1.421255809083231
1.498922885017595
1.4694912242354126
1.5062542528087537
1.1658277768291536
1.3910683648877877
1.28080737610909
1.4559538496929165
1.3532492662459163
1.2422768435987104
1.14268011113752
0.8261690408870264
0.5982744230307011
0.3516472648284754
0.7329526568705034
0.04490393375457025
0.1746073809830877
0.34704865700813126
0.32191989133457977
0.5140027780167191
0.5835182745054963
0.8674756157097532
1.130487576053687
1.0518928495589832
0.9917691160087232
1.124128456433878
1.0273056685443116
1.193378271875409
0.9269453376199728
0.8821681940333566
0.8091432857742253
1.0274323882976448
0.8154621216936029
0.382306485558761
0.9851711320869749
1.0023770772539349
0.7783651427859555
0.9811511931658448
0.867488927801487
0.716384734167697
0.6541767683591768
1.1723054575832532
0.9554026036269994
0.9204172945391464
1.4088591807853348
0.7284101624691188
0.7918293987011955
0.7131057471688109
0.7269607236949627
1.5174485908336655
0.8581307615259304
0.8230349636910637
1.222680120781082
0.8392305870785539
0.4622350838013647
0.7563450846438338
0.7004201195777844
0.6249093315572631
1.2164218244799447
0.5319884874387348
0.5088893225384981
0.44530994808173396
1.0478279406692956
0.740270480090941
0.880153819341329
0.6777984189199735
0.5408160052863735
0.5108773604259991
-0.11480469859357267
0.432638404184823
-0.7958065766102376
1.281370601525967e-15
-0.022597213604547584
0.23907616589800829
-4.3021089826528325
-5.679562689220762
-2.0992189574285747
-4.128030076882525
0.16275063823029934
0.17363194081916733
-1.2560038463077952
-0.8013991659071369
0.5212338543172086
-0.34406234917730316
0.14862839950856355
0.06522326555161406
0.015006189199942455
0.14768564425060404
0.09035596987962347
-0.07216575193336006
0.07814421209001665
0.1259447817815147
0.556877771356298
0.4442645577744444
0.13897809713514953
0.39093133023803417
-0.2855461376061621
0.12955583195529297
0.1488131191995935
0.06495138569972524
0.32091970554296667
-0.7166452288626637
0.44449250779522487
1.0813685317545354
-0.489724809858334
-0.6861379102262148
0.246742207725398
0.3178614057639223
-0.4928783655722544
0.48979059794096846
0.5757748145895831
1.281370601525967e-15
0.2101106951323275
-0.24689471063416324
0.4611436196538019
-0.9400634712495934
-0.2839548035311701
-0.9117150824134086
0.4278259360836858
0.26386450055401856
0.09268485820846806
0.5939223595548468
0.040379507673002024
-0.3494524596738344
0.47619414280481287
-0.11221804852830441
0.8500379706700039
-1.1110984393602257
1.281370601525967e-15
-1.103407370336087
-0.6242898354180229
0.5119164943320522
0.7909641731095882
-1.0616156679156292
0.39257852477510946
-0.5892107827393085
1.281370601525967e-15
0.45811912736774896
-0.0919659203657115
0.4138415959543247
0.5621850901596979
0.18077567484208235
-2.0668917144139627
-1.1163310359998144
0.2897297050443274
0.12682259219296127
-3.745035403452741
-4.571344184857639
-3.290356015872997
1.281370601525967e-15
-5.714396664024699
-7.014008358825769
1.281370601525967e-15
1.281370601525967e-15
-5.2850541877678925
-4.917981839370835
-4.435961879162595
0.06851113719565738
0.10325720074860983
-1.5257772758937933
-2.1095192072687317
0.439665150598445
-1.5048340742704278
-0.31805185217277554
0.6021475758617072
0.5020501549580538
0.6865063064660868
-0.34747244007891
0.23546450723227486
0.37928063993410355
-0.5503085983069891
-1.0845615529123016
0.7114389950524993
0.7703166904347667
-0.555944996829818
0.7354910326895094
0.0759752990717506
-1.1752051048003507
0.18568007833185085
-1.0617755838125849
-0.6856377680738239
-0.6989702604120156
0.5616570935207148
0.47370558579896005
0.5187459368783851
-0.5578492453064214
0.4296810088804788
0.32729464163954836
-0.1503234850586539
0.24303142497857966
-0.2944790248509914
-1.3305276732839557
0.46155460914287394
0.7688312993309463
-0.012105645252472819
0.034755552397894185
-0.008034720469521694
0.017543853279234356
-0.5672103568449947
0.5436995722998086
0.6296429690659937
-0.8908484020869452
0.7489280776317586
0.3408316347352345
1.281370601525967e-15
-0.5451214284707762
0.6022585067916957
-0.4766170475387712
1.281370601525967e-15
0.344657336407616
0.09566462715804902
1.281370601525967e-15
0.008200183970212896
-1.6955498093976038
0.372074997444207
0.42813469082270283
0.7819578920589261
0.23477643092147082
-0.20146558214290877
-0.6585179480031123
-1.6227304628143973
-0.27168820005830785
0.28265946334855196
0.5265863382374067
1.281370601525967e-15
0.43195131743626325
0.3644404301085338
0.4358589965105355
0.7655681609156502
-0.9460038626492899
-0.5557319200426925
-1.353111366302028
0.4426256780888935
-1.105474102234095
0.4845885542892516
0.044764180293553946
0.13117297397000727
0.666086434881664
0.4076558654797835
0.362122716253652
0.17941199651340056
-1.703548146299033
-3.165032875573054
0.15571912143834116
1.281370601525967e-15
-5.6648708360723
-6.058567283043843
-5.624488509902212
0.11393406692406738
0.14747608603128226
0.24803301484675744
0.3631648976607813
0.2691225671919204
0.4816313760639428
1.281370601525967e-15
-0.9601394376517716
-0.39140341564699543
0.4331899334265399
0.47409740674833545
-0.6972859630337922
-1.285063878983876
0.34921973953899266
0.4900532944464493
0.4199709311480633
-0.9895002795241776
0.6320928996208204
0.2899583781992505
0.09289375073982686
0.15962305677784006
0.5361537836317907
-0.5107034664553263
-0.6852609287829603
0.44715043664117315
0.37780937872273634
0.488472666788363
-0.9098968856082434
0.45981879304450635
0.20402024598725488
0.22265889830879848
0.2464796539681846
0.19416572438194524
-2.4598298157613385
1.281370601525967e-15
0.015229047887751923
0.05761639303149435
-1.108640396523847
-0.568682456539948
0.5308685001910565
-0.9227315043140676
0.43846174868064325
0.45526273518904714
-0.8144637406190238
-0.11243031589823449
0.683125908629175
0.4106261834913578
0.4100283394691717
0.7402966319678361
-0.8049142623757888
0.05620260670035178
-0.469417542942856
-0.41133143669740146
0.033138414449355835
0.684491690569867
0.17051029889506109
-0.6762634653188409
0.5513032016416104
-0.5012090721076028
-1.0162011085494598
0.24525441329701003
0.5716941624057195
0.5346056679468529
-0.7890524311435003
-0.14609373850082363
-0.6547171016379512
-0.6851901559585389
-0.17646695231270026
0.42356537332361177
0.11021040672679971
1.281370601525967e-15
0.19563902043025694
-0.1908745590101084
0.30960755290531106
1.281370601525967e-15
0.6664655973240463
0.16245352796147505
-0.8220410454363574
0.32974638599445694
0.5301121203060255
0.3851318335901799
0.44252601999511754
-0.31646636552020535
0.3112816351144323
0.23590004403582654
0.629621356009169
-1.0956682896435472
0.19512899851132037
-1.0565764254484398
-0.5562438067312705
0.09627725011351718
-0.5032704431669748
-0.3272571070220476
0.24325033804589813
0.5418828050527358
-1.162769296485827
-0.9949308617483528
0.19972890272740784
0.6001403571328598
0.4385416752353315
1.281370601525967e-15
0.28598072892190485
-2.100732197049859
-0.993442060228336
-1.269057078541275
-1.7845784166233623
0.1039472396889356
0.27109798019868103
-3.449955980417581
-2.2567684554277463
1.281370601525967e-15
-4.95250614475973
-3.4217847823803424
1.281370601525967e-15
-5.267685176615531
-5.736559211611386
0.0225369957690411
-5.610314810020786
-5.142119073740737
-5.593578999439017
-4.578013812816567
-4.942500951966984
0.09155057776092992
-3.6112407124814236
1.281370601525967e-15
0.07848522434787453
-2.737305613739701
-1.7916473188127207
-0.7671301098328152
-0.6113246935909693
-0.6916699935353954
0.2589571552151122
0.042448521546022744
-0.7030412120014313
0.09904847748792722
-1.4866727563846824
-0.8755870418513423
-1.1767945830075668
0.042339853940979166
-0.13361376824101168
0.34739670486525887
-0.8343773787599673
-0.8457739223904994
-0.14859127499904456
0.28740970057991255
0.19665510587856994
0.623973860589289
0.5295647165220139
1.281370601525967e-15
0.35404988157711803
0.21302818883910013
0.03254586495570466
-0.19038425475167386
-0.8277965338409388
0.5469712249815823
-0.6038379379340206
0.32675003340514697
0.056086611578951034
0.30860881225786363
-1.0575298102082868
0.22699655922023876
-0.7644436215531378
0.02108570697764489
0.13590554771506702
-0.19259379382525577
0.16277713798991944
-0.24590479946622956
-0.49490607034958156
-0.8747821033222021
0.031732653890249096
-0.5145254203540341
-1.0561256582228022
-0.885905999263656
0.24587939651528412
1.281370601525967e-15
0.061849340604913955
-0.9641806503333559
0.11696430818861137
1.281370601525967e-15
0.12125878807715579
1.281370601525967e-15
-0.4230480342361882
-2.0175375476359774
-1.8174317173894448
-1.416044514299597
0.36479869771661755
1.281370601525967e-15
1.281370601525967e-15
0.22655111460870625
0.1494932198687391
0.05756758891493821
0.1816305378974975
1.281370601525967e-15
0.15464121197181246
-1.6476938594345807
1.281370601525967e-15
-1.605205019913572
0.120234712531474
-2.3954616262852646
-3.087824772875315
-1.5127712953728172
-3.021288361005664
-2.78252117754118
-2.412369604527476
-1.5369831357273567
-1.508225765860911
1.281370601525967e-15
0.2576688565837304
-2.1691520427151847
0.2097857352615381
1.281370601525967e-15
0.07508658390757056
0.05191354109967565
-0.17257573386782976
-2.4422428667023848
-2.0905066077037135
-2.623511448920434
0.22173562676215786
0.037979635275598944
-1.2478528813563274
0.016382081608206256
-1.2892964454550278
-2.1247125860396654
0.06126050451909015
-2.7181282137739897
0.4070383437924623
-2.580545544412698
0.38467829150459454
0.04868188398320772
-0.5838389641191548
-2.5174676426484197
-1.999506213480716
1.281370601525967e-15
0.060346368243770265
-2.5415014292826026
-3.3844385811426223
-3.705451395414851
-4.34399821507016
0.06693358998298005
-5.758375967701075
1.281370601525967e-15
1.281370601525967e-15
-3.941402750331976
-2.9401080708802345
-3.4469642339325235
0.2086721603179259
-2.04716744807694
0.15613071665496003
0.2255049238262059
-2.9930278998581343
0.4092618749236778
0.4658034676816365
-0.12483004879863824
0.4045957645140179
-2.3817809725295414
0.3545437035746861
0.26053619869809586
0.2039077446029729
1.281370601525967e-15
0.309753177096313
0.24313160090077146
-3.2981811217527346
0.10578070336339485
0.12625049287720513
-5.312977984689254
1.281370601525967e-15
0.09779202239935592
-2.5032180273976614
0.05945468240256219
-2.934485579626558
0.3824272250458369
-1.1443317017684382
0.39002177787722236
-0.7377413476508046
1.281370601525967e-15
0.1489501485024456
0.34483023560588366
0.08249767727424712
-3.1302435138269065
0.3314936166334872
0.36465690340413515
-2.590121890217243
0.04643434370936461
0.16084043823130256
0.15361846322055217
-2.713001380923285
0.5119401509618271
0.2565959532354445
-2.7507275047803943
-3.243184235109563
0.2913393367778525
-2.711494783609811
1.281370601525967e-15
0.30607582312290704
0.5913666265345863
-0.4140937001251066
0.3720965970966279
-2.1819485409291355
0.21235445390741658
-2.446705012224003
0.35611629479495477
-2.265255975515979
0.5696833743719076
0.3808276764874453
-0.36904921491477705
0.41988179569241013
0.4812656469644001
-2.650273386488273
0.45387671194698376
-2.5112385331378526
-1.0528602318376654
-3.2803762271999632
1.281370601525967e-15
0.2823830060350232
-2.1429075788944454
0.3436924184911312
1.281370601525967e-15
-2.6789067945748464
0.39191998593929345
0.363027471607166
-1.9169684463049297
0.1532223933711293
-1.165380498682305
0.45483484196153046
0.25588919999777726
-0.13591541684944208
-2.351838010768561
-2.965183549586424
-1.9867890316770476
-3.3081830645561734
0.2745902039936734
-0.5041140392657799
0.08342433287843964
1.281370601525967e-15
-2.6475702519283164
0.4483065656722611
-1.438697701003525
-2.9459712247562893
0.1583724071132897
0.3870866900124432
-3.2294825880998514
0.29998561837396365
0.37272693569398063
-2.4853582514607986
-2.191672104167912
-1.7300216638179817
0.3558676398541867
0.5692212988226593
-2.838202670445079
0.4227230140666203
0.4420006690729914
0.1990505265805521
0.2498138096438206
0.364553492335002
-3.3235249301095005
-2.1882555153119077
-3.431091304372919
-3.9093091461946408
-1.17705197130753
0.23747599979336642
-3.6501854619887135
0.13369291329297883
-3.8335456179624705
-4.587355879783483
1.281370601525967e-15
-1.682211229832392
0.08098455126265683
-4.277955672366075
-5.914628310724212
1.281370601525967e-15
-5.749173171646255
-5.046887883229821
1.281370601525967e-15
-5.714493713132969
-6.609396016753358
-6.944191968760526
-5.993102712441759
-6.421439715591067
-6.643399230757161
1.281370601525967e-15
-5.617885904041638
-1.3240901396034417
-4.628042805277336
1.281370601525967e-15
1.281370601525967e-15
-4.117302873885378
-4.416020159226851
-5.063525464951437
-4.577818137875392
-0.05784857691122475
1.281370601525967e-15
-4.423659070784687
1.281370601525967e-15
-2.777925889023374
-2.567001423001285
0.1456374998902238
0.2764153576199476
-3.1918895576504784
0.10598302737633641
-2.9164090354931638
0.2652102366136456
0.7179616322955917
-2.173328264778345
0.2575255126067879
0.4044626419288626
-1.7751151000093257
0.3093859326287314
-0.4214911636611851
-2.398828068855991
0.227160194344872
-0.9387859405025791
1.281370601525967e-15
-2.9118756254791123
0.13802414656785444
0.37377785225972815
-1.693385044902402
-1.9587006303516756
0.5045860143600274
0.2961881840215337
0.16042296497256758
0.37742921361270776
0.4476133660631667
0.08393426071643015
0.17902662291209193
-2.845122096389244
-3.210136367693325
-3.205490049846931
0.2165924298479729
1.281370601525967e-15
-1.3705089439445763
-3.145228263456726
0.3385188961817891
-2.3044453580473414
0.5089298298974878
0.4053030577407495
1.1726285685677258
0.13382897103308455
1.281370601525967e-15
-2.885231479812453
-1.757272402107528
0.19775269176860832
-1.485097382873981
0.15168281450719967
0.1792172830957941
