-0.13462263632932858
-0.47407363684957327
-0.44939589376696665
1.3093505820575615
-0.23828933948876907
0.7465117614670946
0.008755711498621643
1.6871152577409152
0.08872397317238079
1.863332109933458
0.3999081826089199
0.6859154944500498
0.49706501154972127
1.1276495453767872
1.1022572193772433
0.48705522493566056
1.861320069082038
1.2282723159478008
1.2076306116959432
-0.2758859695117022
1.1766190210482086
0.767278577915647
1.7921778501567305
1.5445390581075427
1.2620369433842553
1.9450887624065718
1.1636793548824125
0.8917505680274558
0.8196950386124766
0.9958050955709372
1.1338126061368015
2.283600111536014
2.1038645096206348
0.9029172997409112
0.9852776533370076
1.5047040088090897
0.8248026188705788
1.4100829210263646
0.9745656435950205
1.0787946387255243
1.3445278121996505
0.2534954973378567
1.3654904398021266
1.6880416487018777
1.4866035165362796
0.9410090708987502
1.484073046155316
0.7405024309991717
1.6694133218980731
1.885037358837919
0.5521272429141115
1.5712007152302072
1.49753381639436
0.7173498234234836
2.192390297491403
0.24356148970951752
1.3809971743852416
1.719086098879207
2.141220171301428
0.3692535670126902
2.202004568587645
0.8862970687697644
0.8763492299658107
1.0630447793550117
1.238386926837204
0.9169717212233586
0.9129438234673768
1.0706012209679834
1.1588387872154238
0.5156926127788566
1.1674175807438187
-0.2863000841649268
1.4474943482846476
1.1635513948086253
-0.08087024005475918
0.24880803733289003
1.1360105844211938
1.6374315889554305
1.5269653231405345
1.2421650669048567
0.6935691027303816
1.1861043990465006
-0.20695235016501234
0.916226510807582
0.86275673805837
0.04888231466861548
0.09400344359501345
0.2161960407053023
0.5110033521539452
0.22096563223295496
1.1141287442351957
-0.12582383806905462
0.8520472658916822
0.6276311396737886
-0.2228521095886058
0.34680685202683925
-0.18882136879628764
-0.8570551771818224
0.16555221074293236
-0.4394206824339504
-0.3331712666596789
-0.7209631314713687
-0.5675561102653535
-0.47967697662981257
-0.021259732877562332
-0.4768360115381327
-0.7417588249515252
-1.267145777814004
-1.772709605230549
-3.7933605994881123
-2.593666135360781
-1.3238083830639207
-1.2366265995899757
0.640636776445735
-1.4867905652069386
-1.467412218955066
0.08893877732950628
-0.576690905200401
0.21260172989146753
-0.7793105209077904
-1.1308807805751444
-1.4901540929812516
-2.120085548046039
-0.8609639371357192
-0.60120478065096
-2.650200783771964
-1.8741697970228746
-0.5198655292617174
-1.757505794461082
-1.9854406468421613
-2.3983759056612355
-1.5821056431102445
-2.4485366390499754
-2.3725528583547613
-2.679907730034457
-2.462123699023218
-4.512681596571233
-5.7749657096559295
-4.0213010142740115
-1.8141126405852486
-1.0368475274798898
-1.228340955323699
-0.06807135480342819
-0.5249994833255882
1.0821505085966447
1.7803161045653213
0.9477042020605007
1.226986986529532
1.7094570737836583
0.9163583527849619
1.2921444121635308
0.7894657160860983
0.9522156314305246
0.8615352739928528
1.5321330085855873
0.31858210794077335
1.0644630302545255
1.820506658115229
0.6849643530259657
1.2138627951980787
1.7174473465396916
0.5817549750758242
0.937319117953487
1.331326859816365
0.13409076053268176
0.15392893390505824
0.7171812428770084
0.7410517022391172
0.9195994662697311
0.9592614226677636
0.5262427976443926
0.8961490261510305
0.6505019634514291
0.33689165528381704
1.3134777923679626
0.5185242022439671
1.8281483951941082
1.3230040641545413
0.7820002223241276
1.5271769240330881
1.194921285998852
-0.12324978946192866
1.240387804464861
1.411798251404456
1.1039836181416458
0.2357031237845244
1.0860726300618357
0.8816699735140925
0.6527281998289074
0.6226313569207442
0.8365386661431335
0.44397219484118766
1.0033705504982238
0.10228357404070687
0.2715748787106689
0.4350226684947147
0.03591483546121221
1.6744100993345934
1.5243154473825795
1.453311462856874
1.6498113969607608
0.34551329488507143
0.5132235218383947
0.8345143272937472
1.0176633122187728
0.08372716730196483
0.5646751073491578
1.2470889145569442
0.046720130957085715
1.0262045322294941
1.385522858066003
0.7253402986892303
-0.36945629694576176
1.3730366992232286
-0.1334955579352548
0.37784816976575053
0.4828886510182686
0.8047312634560071
0.9888559393095919
1.5131905452998842
1.2480783107619584
0.029780862903605154
1.2462520258184924
0.6224730957725848
0.17963923550600658
1.6603676573450818
1.3059228533225284
0.5572728069883479
0.5349683241169196
0.4357811805367082
0.3839455087619301
0.3009921656823531
0.7985774400772159
1.0682063963484505
0.9952058581274312
1.432006004718903
1.465400477064359
0.4373066056595043
1.0958083745371932
0.0326679795314031
1.0367067113214805
0.1855202880179152
0.7720901975248906
0.6556513827245576
-0.5248312825199766
1.5186887922086223
0.2649269404277783
0.40909579483797254
0.7907458794279121
0.4367363458952087
0.9066423386770861
0.6334293754163696
0.8138889479675102
0.8833305354887284
1.1546656643176054
0.17790233140222833
-0.14765328011185952
0.62364000315084
0.2822029217795077
1.3998940701270834
-0.1879142714790456
1.2791065545490654
0.6168917102310845
-0.32073890076462197
0.069260826686385
1.3768495224529649
0.8966023561554897
0.6782792791925223
0.2834772888889825
0.8847589051292282
0.6875015252276198
0.06165328375418078
0.8712386775895347
0.6669928692270863
-0.017305902919073635
0.422110788280313
0.027088726307315625
0.014088610729702022
0.7934793231762285
0.6979164536297726
1.09559357128534
0.19624764711198406
-0.03667373157917542
-0.6487279419483265
0.03241684016394064
0.2304169765017896
0.3407858160865578
0.3400616091302764
0.36025513081429894
0.3943661975216659
0.4529662047371703
-0.180584410996655
1.6530114381559966
1.1365735230362959
0.4047758527503249
-0.2509763247336654
0.12451570500152265
0.6177149161531701
-0.0867797451783976
0.6830650609543292
0.15500218520601416
0.02380445219447047
0.2483172218220031
-0.8320431598932361
-0.1737018391043601
-0.4188015755664023
0.41797464064655854
0.3004754584486311
-0.06472430052680345
0.20532896724592486
-0.208280466726388
0.22588747726093938
-1.3744115193235795
-0.9508025698926788
-0.25305253037167574
-0.08566231485088371
0.17412964212811355
-1.00537795549607
0.07436386443851184
-0.5353497372193132
-1.005702647484815
-0.5349387528825007
-1.0019497325168194
-1.0749659670393363
-1.0592268227727697
-0.2106139313021469
-1.3808575872323825
-1.6697799837510496
-1.1051584249919522
-1.5841578450764162
-0.31125524953867645
-0.6049592443624454
-0.21275646463832842
-0.8023678544323047
-0.5242970902393287
-0.9186809847981614
0.10285957046951477
-0.3876817543809983
-2.3459616243611414
-1.0167699546863251
-0.94204651951727
-1.081659446067032
-0.9956260617856723
-1.2151293328870763
-0.9430010771235393
-1.0516872922140084
-1.349012602507894
-0.5039168464848118
-0.9444963702912914
-0.7506391840996991
-0.06813733023290691
0.228399539872858
0.009096497457142583
-0.656771569024853
-0.7378798766160242
-0.471075039324659
-0.2336841423946261
-0.5741501454127413
-0.6431152952493147
-1.0341567366228697
-1.2173601720641183
-0.9748675247539857
-0.5267024818340547
-1.0027399849280871
-1.4254162049653356
-0.6978093152473219
-1.8336232248405624
-1.9408219164727911
-1.5784180327646866
-1.4161885777474712
-1.9185100950049083
-1.800024200499318
-0.660773006863264
-0.42797302504196555
-1.9290674597466047
-1.7163183839639604
-0.4296350295161284
-1.7686064373837684
-2.2612105147158843
-2.4698169742041483
-4.131096646711845
-3.817305311071765
-5.177122217033713
-6.993485682232296
-6.832623892009468
-6.047495440277676
-4.729169574351983
-4.0350181745679645
-1.8691299452327446
-1.6029120536357322
-1.4347066321712978
-2.3371768483103033
-1.0655095411088134
-2.319157425608525
-1.486914011926495
-1.3524138630725497
-1.9497985996060678
-2.449483049289691
-2.4890642507624423
-2.402095718618362
-2.545071080711774
-2.24864414600121
-2.9062428822294644
-2.8190157218099507
-2.4675443205809953
-2.9067894095096927
-2.891232124565429
-2.7738886993226872
-3.0520439612982435
-2.543372829250293
-2.7980730320119416
-2.9677132235382646
-2.1002944132472328
-1.507261964268153
-3.646868279264565
-2.7772163634549605
-3.098507677532138
-2.1807873344724866
-2.774860072929028
-2.5696380739810154
-2.2409259825621533
-2.699385372682684
-3.5327925400521965
-1.8149268758397712
-1.500959278394375
-3.461183267390663
-3.0206842332479202
-3.039063122827279
-1.8350982870149313
-1.8577370740536052
-1.439659800682473
-3.4277704487238063
-3.4465323298564416
-3.3977855614578223
-3.0577267913425645
-2.2357467601069736
-1.4630055325799383
-2.675160835121053
-3.111878318494779
-2.4337647267306135
-2.9733644435944955
-1.8922998432416875
-2.959905235720062
-3.1535191481965517
-2.3370259156174225
-3.0591267338221786
-3.2113301753447496
-2.037234469509281
-3.243837360728599
-3.183796340111403
-4.2722320920129055
-3.759210284025311
-5.366662167101233
-4.22650038900108
-4.79171061974411
-5.073418716887134
-5.8643394092027314
-6.58328502868883
-7.06454957701138
-8.177537656658057
-7.800839794438333
-6.558270946624422
-6.459306996675851
-5.999267645383462
-5.876958977016712
-4.4583750778065445
-4.606299568652385
-5.155698035054009
-4.62423440402548
-4.27442408919291
-4.222462483732195
-3.462831998413499
-3.672449513963913
-3.7646900109661314
-3.4592522202324623
-2.2813727715874377
-3.661074944953137
-1.8386973549676169
-3.621671762748062
-3.741937186807387
-3.5477535398569784
-3.6168647670130105
-3.4666888865248624
-3.2338275153595766
-2.888861023850837
-3.2933424157987883
-3.750981830707501
-1.3768165313679983
-3.191443559948274
-3.1793445875908883
-1.4945358794084287
-3.2695862683596744
-2.887478982824047
-3.115452096215251
-2.4327146381279707
-3.0269308846596994
-3.229584603416117
-0.7206167206581426
-3.118647792521652
-2.6925891720913695
-2.960179406834289
-3.5034328692148056
-2.950479768738643
-2.693728476253772
-0.6738181312331957
-1.6385321476791699
-2.752255151314973
-3.532334271458724
-2.2140327768595602
-3.425401607008437
-4.04590027996053
-4.069836197178159
-3.5287171255851955
-3.0579812829153235
-3.116028743846369
-3.8531290079927056
-2.8795527904072653
-3.041972662832935
-2.8744170782808895
-3.3140853172096376
-4.69817215184404
-4.273629083908537
-3.6389638306238274
-2.537827890030994
-3.5536555766206326
-1.7557785820184524
-1.7000375115998452
-3.2133355974786837
-4.4746540484224235
-3.626719274988969
-2.744100422134059
-3.5127205406780253
-2.2237959429094447
-1.9950878486797716
-1.8000379901903552
-1.7021188493847426
-3.1063698832906312
-3.4734668757116154
-3.6448522088106756
-3.4379801804953596
-3.1602251693432297
-1.7742467427931166
-3.627450091526232
-2.700930002883923
-1.982624260991381
-2.8178021454635793
-3.625304294410579
-1.8622766727624924
-3.972072805145854
-4.553601469559274
-5.296178937064696
-5.497798418958986
-6.766852855474855
-7.091777340421886
-7.210468838131567
-6.6117130740831405
-4.953054301249998
-5.6513208038243965
-4.609442714300437
-4.4098293659477665
-3.067368567747762
-2.7446705244915055
-3.100596717101178
-3.668446422898794
-3.142180685774044
-2.666461145319202
-2.4940570696369084
-3.6771168925721724
-4.336841911214934
-3.609603265370823
-3.7733982423400376
-2.7891666972748883
-2.3922403225951356
-3.0083652346952974
-0.09510804895968916
-2.007225207892316
-1.779830781173506
-3.0218638278806145
-1.9841509449122237
-3.272801519589918
-4.002552243235655
-2.85889993278155
-2.322674522797487
-2.321502928658158
-3.2066396355669444
-2.8506747683203235
-3.4354011228183947
-2.2932989182277987
-3.703919518623919
-3.052206986291586
-4.647259213234935
-4.271156716888493
-2.664761519011199
-3.1699868350657416
-3.306648276711917
-3.1248306149803122
-2.8128367295198995
-1.965007889658139
-2.726604687776087
-3.4876368025109605
-3.05771304091758
-3.947139317911493
-3.2353662085586192
-2.6270900990519728
-2.791865927053328
-3.4937051469840807
-2.882616976509704
-2.5233557115204377
-2.0144213137902334
-1.7016201119627365
-1.8678288060461545
-2.5993333186192396
-3.167330474646183
-2.376026585414891
-2.9229267448190765
-1.505587309729422
-2.212423681981015
-3.0388384190943847
-2.842972628841082
-2.863851873241361
-2.8418034597825166
-2.3117419604863905
-2.5273875157379257
-2.7265163130467363
-2.35910687191617
-2.911615967628829
-2.1090462522860394
-2.73795525460634
-2.983998945014351
-3.4349316611753586
-3.2467743402246225
-2.5789578761299428
-3.1349915019845582
-2.075486152431062
-3.5998884040225554
-2.946168867981452
-2.6581505044361613
-3.109477823510571
-2.3372039359857073
-3.0112392777204695
-1.9828266251315005
-2.863618120212153
-3.2085592208944007
-2.022602914413892
-3.0481037261003716
-2.316497668857889
-2.9482539421611413
-2.8090285357424456
-2.4496064226628933
-3.142746263073405
-3.508658322844534
-3.013460682441626
-3.414125089275084
-3.933698094195906
-3.312971525680619
-3.534028123944757
-3.489764077051287
-3.997669913706054
-4.4314656609111305
-4.602811932061645
-4.589338256762446
-4.105435120682756
-4.399732661896667
-5.646561878980753
-5.017244234040467
-4.635670679696883
-5.530159676470648
-5.928798316463801
-5.604244545486781
-5.587108532429457
-6.70192262433174
-6.59434691108702
-7.10654540422531
-7.203964737706788
-6.944172211408931
-6.6740857622909155
-6.395444598755572
-6.598422959361931
-6.3574450887153615
-5.0707445001310205
-4.703333435140617
-4.666956365769048
-4.8662526465959255
-4.537425686575869
-3.537933288565993
-4.091996146723695
-4.81772546146303
-4.116975150261752
-3.637261808766155
-3.1815261395197245
-3.617086525362059
-3.7928593717646746
-3.138140511765828
-3.865751965786675
-3.174397309126654
-3.014863420372402
-2.3053694006873977
-2.731976841576447
-2.5315735789847436
-2.931190930169312
-3.1630847097304464
-2.658059175762456
-2.7423268033671917
-2.0920770235877235
-2.4355317636566802
-3.545754532594055
-3.502068504326261
-3.916572621025395
-2.9600720381473824
-1.5783057418782613
-3.1196662286425627
-2.0526017553020077
-1.8975208072569147
-2.9360654433273083
-3.058089291765288
-2.3790676138996334
-1.992377938156836
-3.1228782901120784
-2.875484223966387
-2.5978845292406243
-3.3064764159924485
-2.3016410462528105
-2.8431625995975214
-3.1298732961212092
-3.2690334501070977
-2.8060867736263706
-3.411760060389786
-3.1562761604805356
-2.1089474070101426
-4.019047391366491
-3.24391141950223
-2.5949589009096323
-3.492356692641782
-3.797873294221878
-3.6309967598371315
-3.762092005613626
-3.7832563327917517
-2.9396546943313435
-2.6619310417680238
-2.722561439146106
-2.700705900992123
-3.3121952826071768
-3.6468599308681426
-4.9281979447454844
-3.4811229968954542
-4.297980471815696
-3.027605319590739
-5.433428079538901
-3.269595535590727
-2.1810154132073833
-3.0635980198568467
-3.457962298142017
-3.9427728901713577
-4.367400838005876
-4.5221282674661625
-4.127521150188262
-4.730615086623514
-3.7853855779499392
-4.551346805357251
-4.980802486073508
-3.9202234470046013
-3.4597035908334304
-4.376601478047614
-3.613587686873048
-4.968321216505504
-4.425991343971374
-4.990632549893319
-2.9568913472878826
-4.353225441610041
-4.739062744991206
-4.741680681833814
-4.630309910791549
-4.951314696847991
-5.929956659140979
-5.1742139754327425
-3.2188874024704885
-3.802367895574897
-4.557519916784569
-3.6866418262348324
-5.116438125094255
-4.713611260891839
-5.525934305493838
-5.078585040450931
-5.148773966111435
-6.306590114791822
-5.7236783397475355
-6.529043370966715
-3.779890805055338
-4.5880396133329935
-5.539391472183094
-5.098774185976641
-5.891271130576
-5.206868370428525
-7.109384862113902
-6.907422973518091
-6.762400132326511
-6.8892471042611545
-6.728699389077624
-5.441206547159727
-4.995462648978742
-6.216573442714058
-5.804207207643633
-4.5753381626108185
-5.115349707185166
-5.407633704475277
-5.284794795659538
-5.11852419903963
-3.6967044050259137
-5.316674726942469
-4.1362364958293805
-4.9913800507126185
-5.483915280775887
-5.633316511940646
-5.906150708549066
-6.2466882127246715
-5.245216930094499
-4.707339036945813
-5.196850928740783
-6.5487830241717395
-5.235047279870546
-6.287332625793178
-7.6586668437411864
-7.13961723550631
-7.041051323842118
-6.476092923475376
-4.214342907133667
-3.87618400055782
-6.6351471666910555
-6.0554818796448
-6.255737938511862
-4.3895438451753925
-5.116982747565624
-6.129668229327027
-5.836325413625383
-6.174224300577116
-6.707211640702315
-4.340487239004447
-5.349912326662053
-5.621430251490483
-5.388469540041188
-6.26776698079376
-5.806784599682963
-5.481564934408486
-5.509645867388852
-5.2825798241064295
-5.998825264365928
-6.101435002700325
-5.2011075625150305
-5.9748595298744345
-4.808036304233346
-4.214274111182382
-4.635112484357901
-3.7889178071059595
-5.461724240970157
-5.499549671299005
-4.896118805009765
-5.758883051205784
-5.672176536024734
-4.791005303807671
-4.412353892743105
-5.266468264655289
-5.226620596403098
-5.374607159260954
-6.182694837681901
-5.464085504939863
-6.109485280328015
-4.597616460507322
-4.494090507736774
-5.193625720711981
-5.524550528508396
-5.064048230426533
-5.950601809054254
-5.228250678144839
-3.8327431953343556
-5.107452246507439
-5.436654762500996
-5.445337084198214
-5.536391926303371
-5.172488679872256
-5.9213708061411205
-4.985664998821071
-5.757100926034956
-4.266598839390178
-4.986038364717075
-4.3208455661111005
-5.6065434637404055
-4.989631085291603
-5.248450393852941
-4.638722827294554
-4.493041384800807
-4.2249577043663775
-5.032957335451552
-6.413737953569891
-5.911404865058409
-5.315662475943359
-5.1164169878688055
-3.978105455086567
-5.365035212213049
-5.552778714824295
-5.584262099207848
-4.973058085381738
-5.989184979480297
-5.697127764371052
-4.979663395824489
-4.5315318702402205
-5.60340167932509
-5.441131755858193
-5.246007326633415
-3.9134846989238197
-5.061139615949839
-6.47620128035947
-4.6167260722144245
-4.6475150024523
-5.394613700895443
-6.509331282037254
-5.662740123904047
-6.431082121061609
-6.351149974029822
-6.475925226513915
-7.503242102153775
-6.591363881141915
-7.001296917692449
-7.27084399316917
-7.13803771320991
-7.54734101729732
-7.533091190677443
-7.654654463122772
-7.497554092744185
-8.048972733458637
-7.433846364200196
-8.270540435293146
-8.587658587829653
-8.313634579138373
-7.858772281890311
-7.714036202785109
-7.8716510950181755
-7.890701798859835
-7.982348871086851
-7.13892059192986
-7.0085467997710635
-7.229039937245491
-6.606767029490289
-7.098937932099486
-6.308948017823389
-7.488342107558281
-7.108300385916385
-5.425293366886577
-7.212518813237864
-6.666827318045786
-5.628370412310752
-5.790369851614415
-6.921780754305594
-5.57651707036042
-5.7040071690441785
-6.009194574802265
-5.98316448067462
-5.935007151781904
-5.792870410205474
-5.2420778459265165
-5.391041898393214
-4.127376102372505
-4.724023131796405
-6.1192549449048155
-4.539456412745538
-5.370774209900535
-6.165391682429501
-5.333672077660202
-5.416747191890954
-5.448445866295911
-6.098518829885464
-6.06529451271998
-5.808324514114274
-4.102042931077825
-4.558222227927782
-5.361501237922932
-3.9809505080199674
-5.69088445638422
-5.574280021781087
-5.92805418014315
-5.385625476585706
-5.452700970017196
-6.882326116886324
-5.6545356866294405
-4.646216410059144
-3.476889092337462
-5.520492673443313
-4.258127583702943
-5.601597136154826
-5.756115434562148
-5.785170498348632
-6.191771595540426
-5.117790996834019
-5.585881546906515
-5.196728910794038
-6.200442784044713
-5.603594677020875
-5.678599479591329
-5.278602927357856
-4.828865561526433
-3.5937560265987694
