1.8534479558442642
1.441718578670347
1.8959184635976598
1.959925319390996
2.096617100937681
2.168357157391747
1.3716479082080326
2.2254589336476704
1.7928679195427146
2.3279322226011105
2.2514686607088477
2.2332846593248457
2.010282904221349
2.4357295538702006
2.4566912103436547
2.2897043508589072
2.9210290033261184
2.4902188991339953
2.8333226195613803
2.023996533162642
2.1711536741438073
2.8009825645270636
2.8683280753143263
2.3549282319514444
2.694009809274848
2.9418508444162246
2.7990347936419484
2.8571175870234993
2.907483657787159
2.808033751783129
2.685955847766995
2.915839597670465
2.9203899102425774
2.7616551163871303
2.6790095548389092
2.717828611283889
2.5246544828019473
2.3603417194027103
2.5295644404317748
2.8538627897446682
2.6837724095799795
2.595961190358693
2.934303094362103
2.645771185131174
2.7468927183698244
2.6748597779807772
2.817831997173815
1.9192700379728236
2.8840134888578968
2.815674041427279
1.6096989901133139
2.787972428571873
2.615134500170843
2.8169415306635828
2.7910744360616797
2.1177721144448736
2.8863962491361193
2.559414873330089
2.9034472899593373
2.5137717626108116
3.0242584615164203
1.4144833759657915
2.6532747846617393
2.539664306937329
2.8196617456084034
2.79592939408443
2.5635557909653652
2.7915390031845915
1.8903211329415237
2.7769720395630313
2.9031060617662154
1.522775877652745
2.7630574588746524
2.5638490961218277
1.923466586115178
2.094611012464078
2.618316688755291
2.592814894754899
2.646862275005571
2.7006967803609507
2.298783123992527
1.559807964914285
1.9659703816958314
2.098935799159668
2.180384733830761
2.1196139511249807
2.0637836755954453
1.8504173972135973
1.6384586060808601
2.1262972441418397
1.7489326451118892
1.5665364782448532
1.881428254360817
1.937953165371443
1.8526372965956086
1.3953042058214487
1.1774964115550182
1.1135144092583777
1.4517863140043512
1.5707352230290428
1.7378692648025407
1.414784506388234
1.174854770657186
1.6146966741731283
1.6035046611705024
1.6009987094956988
1.5060936676733157
1.0930840028583857
0.23926867785884998
1.281370601525967e-15
-1.6449293575976194
0.2872997899776104
0.8676594116317569
1.2013089246156339
1.0355347705522497
0.7716191711402658
0.7456132787370828
1.036772425360133
1.0325615181375634
0.6092118668776028
1.092385378685786
0.7010079572660715
0.19181687939913417
0.12660573013779963
0.650664747194134
2.3835957245491275
0.6813787111046183
1.1302798258406037
0.7901994498230733
0.6284633452255903
0.7336615118791654
0.6913604561461923
0.4837386227827416
0.561951206876488
0.5766178370018542
0.35496789615321367
-2.182624988178138
-4.32550747994466
0.3808358907939582
0.7280303326585607
1.5016297227202093
0.5060103974605283
1.044226919704184
1.7102549542752037
2.6681765540166067
2.5901490120160418
2.523686377040911
2.4904347181247215
2.3650521777433604
2.444740017981122
2.4310486323728915
2.7395501736900796
2.281134462381991
2.6710730000942515
2.5326927962331705
1.9504706036938835
2.467018933408051
2.460493899782268
2.4799100282323367
2.345219170371155
2.5268799041506766
2.459395511549389
2.4718453330767773
2.259723838785561
2.00660660377946
1.7628884111677285
2.2675695555607707
2.467352592162242
2.4897878542457725
2.654951843254188
1.9682458516227435
2.5206077621855854
1.8527732784007922
2.2758330223161343
2.586135856872409
2.237987702723515
2.5827442612444838
2.412886404185412
2.515331729791915
2.5283598558656726
2.168348790115583
2.2128031503418355
2.4041883822857746
2.4077841922978798
2.5898362926968224
2.6298945431054204
2.6245677684609228
2.5390235757448876
2.4336043370316918
2.5950081817795185
2.4890675121359833
2.0076780335802056
2.5717401058203735
2.6070065983242223
2.3330286309517674
2.4713136733223338
2.5878662458808375
2.5162736007614637
2.447128681098953
2.659029698595416
2.522329742179605
2.4191108450298744
2.5295008837890087
2.3719975967770637
2.436806935616635
2.25240494590725
2.229407223000345
2.555003774590456
1.7456989788199473
2.530059583153951
2.480013344571559
2.4599285595519267
2.470808982035567
2.3276066828437587
2.003584868289062
2.3256145980225438
1.8245984584173192
1.9981296585407256
2.4780207174207636
2.125450700108133
2.436528158838258
0.8361998545493519
2.199382390386574
2.2703381762362116
2.0346901548015333
2.415845613698031
2.1382933372864414
2.038676366047043
2.4234211795015264
2.443954422550884
2.24788669948427
1.927469826349514
2.5330132427381256
2.4551072394585396
2.4428723949417925
2.561230803733623
2.337825060415638
2.1077350563792727
2.254697365118214
2.3501167656325603
2.3033170998167383
1.6154397837802366
2.5272848966825627
2.380399821272696
2.1039671577071575
2.442325330762484
2.2698782231058514
2.0437379247840237
2.076521722797232
2.02393048939899
2.2185297709293486
2.360259723351646
2.427502842240466
2.268634313817374
2.4159438547610224
2.205544848794453
2.066359578717725
2.20577892246175
2.2300020166352983
2.3134368030409247
2.10637957994169
2.1927724554179466
2.010866676677228
1.420904835023527
2.298950557158212
2.3006096844628905
2.339913410328306
2.254154408950917
2.367871047521394
1.9253444716288577
2.18019647320159
1.4894169114100753
2.1704149626724427
1.9138550495505893
2.1630993197747683
1.932545027322194
2.091846269661749
1.9627277993154002
2.051754593896225
2.2554805836732927
2.083463718928373
1.9934598664051948
1.7868212547232178
0.8501981482490972
2.187959775490267
2.1733777316385967
1.9557525986638349
2.092876955327932
2.2311097710392107
2.266823150008641
2.1719174807701496
2.0949084640025544
2.2491920239821095
2.1149462691168863
2.0385717214665133
1.9509158812704959
2.0022660171768365
1.953965758294769
1.8205579387851438
1.9294813963302682
2.0212102198100808
1.8660089953854766
1.8515995810958557
1.149030204270694
1.8546922481244192
1.6746727267684962
1.7487142567503864
2.0887405054047186
1.7693336964177835
1.8851580569017634
1.9103764948501225
1.7868705351880427
1.5016306505170975
1.5042366390437247
1.5868659098397346
2.06944824731971
1.5412206998657236
1.3885137716389573
1.20758216927779
1.0163764901857784
0.7421140683732865
0.5086271105432338
0.5832821574815688
0.2761555608292472
0.4489570323452554
0.45908044552834326
0.4166240554562046
0.7378083384653653
0.8763282565319628
1.2468436864302563
1.071102149945621
1.213654462563523
2.053675083574672
1.4798573027311224
0.9839636623293684
1.1148540232299906
1.4262393874910937
1.1322798903140088
1.6034847926397902
1.1296269714764708
1.0123978022909528
1.131459404079294
1.069315451297295
1.0933661862806954
1.4416751789985756
1.0732903878857307
1.127868097649503
1.229213785492926
1.0136673155610474
1.241187078577466
1.309210434941051
1.496866294273746
1.440611846571159
1.2593460683002498
1.2205501684260147
1.369124970401972
0.9644976628576485
1.1961155327917186
1.2905682584154823
0.9875502105438425
1.273033418332612
1.31305824257949
0.8298237029757409
0.8624276183562918
0.8560518577723206
1.1872361155117628
1.7496349649878713
1.2714262925302857
1.0211891587667576
0.8179966163733265
1.1098328623067588
0.7854313545794733
0.8616975541366392
1.0709708828688154
1.0775671256235406
1.1855525378192473
0.8598507958397601
0.7299433555030514
0.18078993161866563
0.5421274460851206
0.32292807598950735
0.2623938564094698
0.1157417181587459
-5.456736817976979
0.06410187722220384
0.18374505155604626
-1.4346617260841859
1.281370601525967e-15
0.44285363846193326
0.651893882647417
0.9258642904145784
0.5022767611075514
0.25153190043042173
1.0281713477362437
0.49036994562174563
0.4599278108898188
1.6377798867199975
0.6835614188239179
0.7208765898215699
0.5868778604416764
0.12799077703203476
0.9889694659690096
0.5804265298466982
0.5433605757553943
-0.12552753306218012
0.45792795971761535
0.2168247281811706
0.32884896624564064
0.4978634153480379
-0.16193532479720218
0.35493607779779746
1.281370601525967e-15
0.6737308169369927
0.14829900985122446
0.8086445916134974
0.7950657251102022
0.9601693266226037
-0.7359190902617456
0.43044592008409843
1.4714359183431727
-0.07929978228181067
0.8868409871090523
0.7824388942593092
0.7565535426127599
0.7778203237124037
0.8488970074092248
0.5101992485480227
1.3901133691977048
0.6253329655424622
0.7143927152923333
0.6216778897340751
0.789905941636889
-0.6999423706204864
0.9955580490731109
-0.735361146836679
0.19574853859913066
-0.07044881378852175
0.734075917006402
0.7839617776572458
0.515544553159083
-0.47595628679274515
0.8449012441987995
0.687775053816289
1.045633148818088
-0.3994144617979982
-0.22395014311807948
0.8243278044181443
0.5488751124197508
-0.5440023467279937
0.47607707996233795
0.5975613699815123
-2.293121789868195
0.6090004501032045
0.1800322113944215
0.16416407459839732
0.1982788857103871
0.08677114743439279
0.11089870161377868
0.04220071331401655
-6.2936748354848735
0.029777989650489896
0.03170060224594054
0.08545461042987604
0.16101435145756327
0.19867368248671813
0.1164429607355576
-1.5703367332725087
0.3343874289449782
0.4944472623845537
0.3943096345866368
0.4420897269578088
1.3782580984931396
0.8867464868876409
0.7041208613437577
0.12689796126129899
0.9884738048386774
0.8058555003739898
0.9235881143550957
0.955308720856221
-0.9045098537771121
0.6727351416725078
0.9675147696753217
0.938053002764311
0.9029491666563643
-0.5487580983264895
0.6905014784169206
0.7758717304525118
0.462618511424463
0.41810891770734493
0.6252431280147737
0.6094632971863982
0.8629690008630155
1.281370601525967e-15
-0.44981321046738554
0.7016532368258532
0.5034978285162504
0.6475295668968675
0.7807433180307415
1.147716726865435
0.6745527640394029
0.4295932673352292
0.8319168983306475
0.6985857700069109
0.4749988675968546
0.23303381576441673
0.051638872855842344
0.8273216365681684
-0.7670218581553785
0.8399722225905255
0.9904051195224115
0.9064755586375302
-1.1599126910109403
0.7759813321165621
0.8353143314696054
0.7453211434994285
0.7978683258135222
0.9124986380091102
0.436703387797565
0.44123135816347725
0.16590373234656774
0.009577041602774276
0.1975728104713148
-1.3275238290756963
0.947916890090017
0.29499940117815804
0.8510312161504432
1.1735235718931865
1.3275360924727013
0.41648658141275363
0.4715197189132203
0.6638866473501159
0.7811897898956079
-0.4106091670748686
0.4520041000120232
0.7140977249834473
1.1236855910260282
1.2627620427152024
-0.9031233944909953
0.593280059125719
0.8228956533131981
0.8978635119501681
0.8135439471485446
1.4466086417324373
0.6270062062631148
1.0845167113723608
0.7048787288393621
-0.1409324023093106
-0.24798525689404105
0.4914115688752183
-2.2532692461779176
-1.4805454441463182
0.2517810305770357
0.05324033689421068
0.04125899876425951
0.011907621118061096
0.11355431417514267
-2.7608483189122737
0.2892629217468209
0.33436494103291325
-1.2189646043075761
0.21734900742933005
-0.25660127450819825
0.9281380210304713
1.115901625562544
1.0221517373915945
0.4800118425830364
-0.431322405764357
0.6022028261227534
1.044555600371193
-0.06857607678311162
0.2461434156437985
0.37695536660222917
-0.6018704814411153
0.5877343303445208
0.2719802926110848
0.8550392632850188
0.6020936493660165
1.0303992269793456
0.9804262464520104
2.0255748567404765
1.3243125780947742
0.645127034022128
-0.04412033461837517
0.5225461670319678
0.7469358064325928
0.9003458722801136
1.281370601525967e-15
-1.128967655864625
0.2097641479173985
0.20991271506126152
-2.846672810487334
0.15985691157827264
0.32314168527034304
0.35521184235305503
1.0449985273104736
0.8308558180020387
0.4599831145214033
-0.465483272110947
-0.4695570299205496
0.6828950317036484
0.697184896890789
0.5879723078955474
0.6816305111063856
-0.8359257407636065
0.9866711181018752
1.2631049738554219
0.2834241236727113
0.4613430445571969
0.8155052017382625
-0.022925637276865807
0.736686722507081
0.13404384195755092
-0.14903081147482666
0.9646835094320174
1.21033958354149
0.7534693966960493
0.6426283740335275
0.1368271710270328
0.7521831381310031
0.8034873382958385
0.4834138660767886
0.5862671026896229
-0.3750409345447734
0.6897750307075099
0.23768164000245523
1.2838057053176248
0.20584730148762187
0.7637684454370155
0.9734463095423327
0.5003647084703835
0.7312932504026777
0.7731447880536502
0.6740571711006762
0.9026955059549682
0.05421891653893862
0.7009045245146999
0.4279834283131869
0.7245472205006114
0.9377661699107458
0.6167625363965779
0.6940942525821554
0.6280867398223136
0.801972018351226
0.19750694256055468
0.7510761780612385
1.1752928533976625
1.2430744287861903
0.8004791393848683
0.8235741874840272
0.9074997085163061
1.0189499225268088
0.8199416369300718
0.334552548310441
0.07636904377066234
0.6214117407804742
0.7511083782044228
0.47796522158119314
0.3226598147872739
0.6018925687339918
1.281370601525967e-15
0.305438600034561
0.27905129458163513
0.29687783432685655
0.25298358931139386
0.23596002577130892
0.18910816890172422
0.19115316433854324
-3.4023031708588602
0.15639670952680695
0.07796045536031448
0.08891953630792487
0.04283644501867101
0.059827549861177165
0.03940298274209651
0.046437048482580776
-4.998267649553067
-4.723944782614481
1.281370601525967e-15
0.12686635416275904
0.11454758587103073
-1.9090619506101802
0.22626242416140696
0.07154651887106522
-2.559494675517657
0.17961908548967376
0.34120186759450766
0.42975040472409853
0.30392149027124926
-0.4755479708996493
0.4963975473907287
0.3828426325295462
-1.3613265739356528
0.6196768011432332
0.622500687260322
-0.7073167119704316
0.6365081000208415
0.6612147971661502
0.3738524517403512
0.29107186494576576
0.5656125370100382
0.7611076208460801
0.6031828558458157
0.5255076906420206
0.5059863209834683
0.30127323142275575
0.6295535834284136
0.6376979847906417
-0.37947338163562083
0.868484231080068
0.9573308471543025
0.4134497767125527
0.27626853433162957
0.499936288283247
0.37543908068891607
0.015248539741658185
0.6010286206700162
0.5888164449712878
0.060527094485865796
0.6015475239397265
0.6775654393325041
0.30502166004448483
0.6365781314288199
0.051972597037988955
0.3527554258122203
0.4031057783481551
-0.271671652677302
-0.67530332803178
0.3677656861097556
0.3217139963820459
0.13972895148802322
0.20574591064059733
0.23178094369754754
0.07705056129945126
0.03371716544568237
-1.2788816708426474
1.281370601525967e-15
-0.8519062981632848
0.31651333716881713
0.1422328655194378
0.17350199117691434
0.2259717314286016
-1.6113808591131011
0.12075248319443166
0.41088427951580897
0.33261762384070503
0.2842055950674911
0.2363827704400283
0.2111190551033616
0.2783712640379671
0.33803595417046917
1.281370601525967e-15
0.21890989855125786
-0.8839546195900354
-2.688376173263677
0.0590728426181959
-1.801008438562131
0.02565539159419128
0.1438287723950903
0.1428664608760512
-2.4530066808803834
0.29426201979617006
0.27210578468493196
0.3872270826400981
0.34208906083420576
-2.0062473139772656
0.42953160209926455
0.4994064330271504
0.4293809893059275
0.3224936216383336
0.41426382757937974
0.21133697993992095
0.3436112038517922
0.31905278021550276
0.5009038263809782
0.6554766151197318
0.4613600566915348
0.3994583015483728
0.7003172248100049
-1.4135777111593226
0.6236505102714365
0.3540294934581625
-1.2059359094018616
0.4534154580433938
0.6554060168369933
0.7194904764433596
0.7637880804433563
0.3990042997116302
0.21554528867080558
0.3835469327139731
-2.4069669983420647
0.5504169957867413
0.4506929372506574
0.18681766562602198
0.12779415276235728
-3.1948071347635074
0.058294300640517716
0.06623307018352803
0.10696966623845411
-2.9327433717306155
0.13653041821456102
0.3538266106586603
-1.075818423842139
0.4376980839277407
0.5282483705297867
0.3728589738889114
0.27226481353006116
0.766452949105848
0.6925185238052431
0.48066541190438916
1.281370601525967e-15
0.4821841357147798
0.4458781925544433
0.5937423699613253
0.40919514265003776
0.31666489373606477
0.4836850281704923
0.9331685970789212
0.44287986001004165
0.4144254688832991
0.12078803669627103
-3.871086024169302
1.281370601525967e-15
0.13686965743752166
-3.295159211138004
0.3730091223600973
0.4611590130344707
0.7532913582350251
-2.543432747798941
0.6740809318581493
0.5342065025278935
0.33769845899831097
-2.0312821592219406
-2.842822536839499
0.33076195194267977
0.6359040859663245
0.3001941361898368
0.39486351134178954
0.27265598752286524
0.1359917077586894
0.1938769103942516
0.4952474001882541
0.4870389066178693
0.4456262787432206
0.7692366213458675
-2.358672875542015
-1.1245856836820316
0.3178492527203536
0.595189106985696
0.588868237860888
0.8245299101862222
0.8446602020038332
3.553448158380032
0.7219792151602131
0.6086458281360114
0.781760676170016
0.5047285164746877
-3.246119479070132
-0.7415439461653079
0.6019042175216174
0.5759786795604236
0.5557768381349306
0.7111133388463156
-1.7915325188993894
0.5232899360429761
0.4087252085886355
0.4378752892531157
0.38294676038395625
0.44582327475995753
0.5818506915843997
0.5781571019971272
0.5879371725787257
0.5716021113494802
0.3456930856887752
0.690851170601106
-1.9055812974333755
0.6138223581294002
0.6048481062381466
0.6039827752843243
0.5930721872684572
0.44689773175156056
-2.108568330412349
0.4115774304539178
0.12534667890079637
-1.561882320715024
0.6085138477861678
0.4976376159427869
0.5846539798055985
0.4864973973732891
0.7975020007289981
0.2661895116402655
0.4493695546423728
0.40662409439908265
0.18038912163263476
0.34869111216578874
0.33713224862301905
0.662722747361173
0.6889245964872139
0.2254064626921619
0.5353811091051142
0.4250626224627687
0.4979606708968962
0.5040711109348173
0.4904818793772556
0.635792639479813
0.5507969182940199
-1.1483172092707346
0.5573374703398435
0.4405723733875242
0.6257798725280321
0.34747804552193506
0.2697684753085017
0.22081572189870624
-2.6872408430954478
0.19741055895928017
-3.858238329907544
0.10059351031762176
0.14779145258436555
0.19448428503773718
-2.992958675773121
0.09727091403212967
0.16050007626821572
0.10580099876410176
0.08422984458463309
1.281370601525967e-15
0.07943107911471095
0.0790486534607974
0.08342314097648079
-4.78794489238937
0.055065801315793306
-4.678312731166952
0.06469489457768547
0.013257383989896163
-5.377682931767531
-4.958225586680442
0.033441866325239225
0.0636448341758821
0.07522970897297868
-4.218594807600279
-1.4548540682045912
0.01165204481840354
0.09349263813493608
0.10084552569245914
-4.449099613082144
-4.5846660137924475
0.17376020793340496
-2.897157801306017
0.0755867868089122
0.3624592814535741
0.29247831101963095
0.2435520298235494
-1.4488503770959316
0.27036920614218063
-3.037763646971869
0.13747745208111595
0.3582280721856621
0.7453900501416957
0.20901321202112644
0.7481479332813712
1.281370601525967e-15
-2.4131382943033
-1.0172347562254673
0.45608898161977596
-2.464465827403253
-0.36702141368937813
0.5421242506529398
0.4734875134196821
0.6567819320737214
0.5480139925731751
-2.7075297586930622
0.4706714279009465
0.5561415239690752
0.2039562436537743
0.4471134721212351
-1.1672994646293988
-2.008560265714504
0.3123056384599199
0.43647713080839945
0.5021065862419916
0.40682184033187685
0.42869028380584173
-2.84714418668277
0.3977569828854701
0.4305162027648497
0.5334647039946685
0.6723174111173236
0.5339038041213477
0.5203967106302525
0.3934768111992557
0.5657192963421867
0.6444171211699705
0.7902977555063493
0.782934628104679
0.7652289998967827
0.6222453737657274
0.47786393668715466
0.26378048790239594
0.6691882347704858
0.37636561552308634
0.5465071572998068
0.6211459923500773
