1.9032796471704136
1.5097076905799263
1.617514250128341
2.0366956935722906
1.9476983143564977
2.0385619467391156
1.444909897934576
2.127549466279535
1.7993798689770921
2.2129395276539485
2.262842808143483
2.207646966763238
2.026483271368898
2.4587070220735163
2.536280302410619
2.2737271160420374
2.849967847547297
2.5404991371988306
2.8498395319098155
2.012240372682051
2.189138406134948
2.83677629288622
2.858085312671375
2.652845520713824
2.9001177853873004
2.8872380829212996
2.8154916993727204
2.7609815624986886
2.8218854575916037
2.911228666858547
2.750296842037782
2.893307403449841
2.9286998618659617
2.8051231406455255
2.6701632190268136
2.6800354187107938
2.5888128210065138
2.3934571727980076
2.4950846828249618
2.7218822141205226
2.6500237505807083
2.6227153302916917
2.961608112442171
2.711516088004578
2.6908549148842833
2.7007639646886217
2.8006068143636513
1.9598275606723399
2.886328808374264
2.822139551884742
1.6247184076044285
2.8548714183360597
2.6233123680561725
2.844195078275573
2.7919385073345806
2.10937958708038
2.9135651707131625
2.6584629970011058
2.934227777497235
2.460266632829472
2.9710481301357174
1.4310864939220642
2.665637876593373
2.6451172779852716
2.903469973318037
2.8801173213167184
2.6354751372852614
2.8004623519145024
1.863856050200221
2.755217712802821
2.922888646790435
1.4995542259356691
2.7403577904388814
2.5059238912580972
1.9199172218887472
2.0307306583404894
2.622465190601089
2.698725570770459
2.616549379755782
2.5546579540741434
2.4204632273783164
1.5632929706351373
1.9758047954513156
2.019304153888055
2.116769988672151
2.1709488449963565
1.9981983303898336
1.8004994383151014
1.6626605438571818
2.140768233595901
1.802991538265399
1.5652577016555345
1.876286404815243
2.070722673453356
1.7746008043558454
1.4782009272068333
1.2302254954928191
0.7930754209940512
1.45508197031136
1.570242242618864
1.7299639244041924
1.4000515349653009
1.148364300461922
1.4675164974194308
1.57567558691379
1.6455231454290264
1.492042260689027
1.0849544000593978
0.45233363555976513
0.28958184287810385
0.17546415308105956
0.4055202413159327
0.9782122375801015
1.1121334353579195
1.1613437996818243
0.832356186570621
0.8012750976551697
0.8512846592340884
1.070127016044017
1.9568514173104576
1.145803782938418
0.460264932157596
0.01307454192027481
-0.40324586172712706
0.9588271308611445
0.941576240043132
0.9262708980901628
2.1357029061976824
1.0017704555815694
0.7992564437604743
1.5537660879605517
0.7223295512238712
0.6009793428867907
0.689895847475662
-0.1249459359808851
-1.339608853441126
0.11941083456780477
-4.069841779784219
0.45769966863656064
1.0191996975203779
1.4067713777450335
0.4804055528272553
1.0663202004097059
1.81548546875056
2.7279545920478
2.5223364516056614
2.618437228400325
2.579542565496103
2.3116976286889623
2.5493126331539604
2.408216972495829
2.723828511950171
2.2363034283314476
2.675777353302509
2.5323860936935416
1.9029232957895297
2.519882571006765
2.417980934231911
2.4415913243212235
2.3520948680102567
2.545594115331877
2.4275942559460693
2.5624207359799267
2.2824083883441992
1.9454174686097554
1.7804355242382743
2.206052035327411
2.348660037535866
2.428943179024866
2.6301737603909316
1.9227852474001774
2.462151028034385
2.004904587468313
2.1752031853097265
2.6036088588955497
2.2114278478249063
2.5663770344269317
2.4183407316680547
2.5099322702228757
2.5509844368186165
2.275995943193414
2.228572685567516
2.4072067629846674
2.352152894782415
2.5957196869053933
2.6492043731409427
2.6655304052465225
2.6688391913477023
2.4768343767916754
2.5903386569798452
2.600706025478489
2.0825258643323172
2.5513563282800384
2.6160819076465796
2.322590771466261
2.487802962597665
2.5471389534460553
2.4394650409248535
2.4252171339035065
2.5470648101881923
2.3761956013005374
1.9920024424909855
2.5591442915734626
2.4097813883863197
2.3815478054811474
2.214214332338611
2.2254750533254333
2.546008963994135
1.7916855644876035
2.4675246748818958
2.491634056511896
2.2380801371764156
1.8664259441191415
2.340349330012074
1.9715603920237816
2.3350461643342055
1.8478766026240656
2.0110849871332603
2.4804798992461823
2.1337176622383023
2.5058050664806233
1.0208445426434039
2.192902043961238
2.2296975722650774
2.0414292414288533
2.402148349528477
2.1855299754937296
2.0512117021805296
2.4740461516612573
2.447984014515599
2.21733334346322
2.0288591354288568
2.51774056618606
2.4585371611100415
2.468347553920242
2.4126627430237924
2.387827709207379
2.0119220916065106
2.3152421136087686
2.3795674257949715
2.2242365494805245
1.5578172927106966
2.5441802438886545
2.456298626774028
2.084016101909135
2.367266448266408
2.226715776400706
2.0057924848258883
2.0462140040983647
2.008297621060615
2.206930853003268
2.3034008041531084
2.397240665706791
2.2262506152397545
2.4432873902226984
2.2032868647976764
2.0298085822532728
2.1792483248779666
2.2757596021662883
2.3560739719959485
2.141010401401054
2.2235667161824897
1.9348692201724926
1.41376783890362
2.0603576805090134
2.3268627183253683
2.3017430402136227
2.265712793516106
2.313601383525646
2.03077802121641
2.2161773364948045
1.484462600726454
2.127806323204159
1.973991614797177
2.134105690141719
1.988922141740126
2.118890204343003
1.9386520286561222
2.1289420750885237
2.189995043178207
2.224429947150718
2.049579684349967
1.861262859680152
0.7515161423478123
2.126524042496018
2.0238025343895094
1.9364886182148067
2.0873675966314282
2.163334407163345
2.2890672336422244
2.29407298864448
2.0221316730932126
2.1946639085286193
2.050832210754463
2.030622913598285
1.7059280944905044
1.9240654948229037
1.921260864512813
1.7604421040214917
1.8429886957354698
1.9783801188023271
1.8495841216269588
1.7936552671316948
1.1864220192265482
1.8389250285843879
1.6788094578551913
1.7144955676643079
1.9221134884909201
1.8025940960354512
1.8944220350316128
1.7912016099394799
1.710579125984125
1.5220441574653938
1.2698530103233066
1.7232246933150308
1.574111785460342
1.5765750950018278
1.3660725537996252
1.224894810981409
0.9004216772987208
0.7539827631458556
0.5350442538770217
0.5389086374439671
0.35604390389828744
0.4127844918228982
0.4259589510102808
0.43451924606767367
0.6729811851728948
1.914658850920512
0.9301105053423182
1.2965626633763616
1.4159868087839937
1.2620160383747008
1.5051145078831962
1.161872657016081
1.0890802707164484
0.9329666821179208
0.8746155635670183
0.9858754959477523
1.1024385187423418
1.0497865394564947
1.4945469238001983
1.1710176446173688
1.0444546566529187
1.2433149175979699
1.2604701789715902
1.2189951071438538
0.808252847034443
1.2035780771644413
1.3842254302094297
1.398554219890047
1.2609652590523552
1.6039405788676384
1.3232429564588117
1.2091935320647669
1.0943124915477895
1.4201443238116358
1.0397175993986734
1.1805713483769171
0.9972167142713522
1.5910173439778932
0.876780778837758
1.0259800303583635
1.1123892411150775
0.8470086316859793
1.2735930054906048
1.0802130508145282
0.6881389906790085
1.3543018912268239
0.8553145460441538
0.9374851818260268
1.3559977408557695
1.2439427186315606
0.9979462547306879
1.9243323221349415
0.6634201751375541
0.46422883285364946
-0.17468908194309396
0.9785654620259256
0.6051893300811428
0.356932173988574
-1.9116626300077826
0.04508722066067125
0.04520450538181825
-5.402683417867712
0.09500430214885935
-1.2310120845262151
0.3194468950459053
0.4005291741508652
0.6071447889626214
0.3687690786011588
0.7258656185809178
0.08450362812233791
0.16321895487425753
0.9418438609692896
0.24739817925553353
0.27839494342470417
0.19707973050470695
0.8787478657683643
0.8836766998794374
0.5564030374090772
0.6736035300687995
0.8447278470843318
1.116317657365232
-0.25776993281317573
0.38809061731138694
-0.8249523756669594
-0.7252946750304208
-0.6241336114146838
0.506934044924475
0.36717816462779407
0.8622054679441966
0.9835339475433313
0.79966394615511
-0.4374703423322268
0.6648909425120599
0.40619716160293695
0.6366244336215465
0.35687854557218435
-0.10476197051574676
0.5643697880037253
1.407552683619652
0.9646698204144477
-0.7911616158710126
0.74975214951399
0.8981762758464549
0.986748357774891
-0.38910012681590445
-0.40781136011777974
0.9821948984011586
0.30010467910237093
0.5272307804663545
0.5212825935582339
0.9335164499488231
-0.9263871967361732
0.31821851758244735
0.5696806562471854
0.7075672138784423
0.7594721996019167
0.7570848095280711
-0.8886978518633946
0.7463579293664453
-0.4834399271085743
0.47025957532094864
-0.04720177491834043
1.0311310191711596
0.307492567905128
0.47980848037553003
-1.2325253618067844
1.281370601525967e-15
0.5889487757803231
0.367611101126855
0.16216540170812999
0.14780422484383848
0.13831543744615837
0.1644773167184238
0.13703053534930343
1.281370601525967e-15
-5.2653173540796905
0.04261242129492891
1.281370601525967e-15
0.05536796195423399
0.08312280590643106
-3.436064405685462
0.2016701446662491
0.25383822757382446
-1.3915129741878145
0.41587415369520264
0.40196832467212573
0.3174062464848819
0.661888915748551
0.07696855459977936
0.5121298950133597
0.7561208433799016
0.9600192611010487
0.4126524362284165
0.7138288623679985
0.21987269064586723
0.7169162307333172
0.6959722303101479
0.7272022828964195
0.7739795600216111
0.50183555852785
-1.0858143735039496
0.3862915328641092
0.7319965915110189
0.9228021086899449
-0.7619218684437898
-0.8254045910027816
0.5470394695112166
0.5517753131157601
0.8405539300160916
0.40576101981975743
-0.5858640315902468
-0.209925919534383
-0.5671707577602101
0.8897753017703871
1.3021487990773064
1.0506706806825425
0.7805448311093386
0.5432223476439817
0.7692831419549999
0.6424438993991859
0.011274323197572045
0.8372437827733643
0.5297498305617119
0.8202657481656206
0.04294014539042745
1.0521663463142148
0.6342348033491225
0.4233156299701015
1.281370601525967e-15
0.8449569329799067
0.9335154378516783
1.0763908281444317
0.061385287519068577
0.6881741476042089
0.550650515712229
0.353245832002256
0.16826299042281057
-2.8272377690476915
0.17125210908392552
0.4911078121619554
-0.8442465904315322
0.8083987866711824
0.46292415566683687
0.7244260496136374
0.6717576745004379
0.5856157722618134
-1.1625860926172367
1.0096471479502753
0.8308410625134295
1.0376353588144216
0.25806205687202044
0.7348615242656598
0.3937100725747733
0.5126179683628405
0.5629214004580572
0.5130435948522918
0.5095426627278679
1.281370601525967e-15
0.6412799121096084
0.5798099620786787
-0.3228954511675832
0.4583783254811147
0.8246885444295238
0.6453883511453524
0.8133065375726516
0.512923359365427
0.5111685047627603
0.15184330071938013
-3.189353280459777
0.07611010449213057
-5.174416824814751
0.02653691440603924
0.12276287333230718
0.18733749936613442
0.15098171679040068
-1.1530489387741767
0.2414163505140705
0.5218382793634002
0.9775725863248477
0.22773881365754356
0.7346489583885076
0.4805824188419665
0.9397320897687613
0.7987177890880446
0.8230775744312249
0.6308151451976589
0.7165882360288789
0.6862570825629901
1.0077756163341132
0.19793219152130614
0.9435164389434894
0.44831649489608294
0.38904754097202443
0.5453488994534856
0.25183618327481483
0.7032602910835015
0.711522991751683
0.32297936870357447
0.6518091534418475
-0.08262579573892204
0.5113347282452008
-0.9150515299749964
0.40678380492961796
0.3763071837376122
1.281370601525967e-15
1.281370601525967e-15
1.281370601525967e-15
0.024561260421362086
0.11829075587457649
0.24371398327050542
-0.28660744489559065
0.7595985812406274
1.4692812382599882
0.7760841931154339
-0.12879150337751177
-0.08884227212297091
0.5974807648699003
0.8313345407758823
-0.3207425452189341
-0.6339929639268842
-0.9364555323656143
0.7341461322477496
1.255882823850584
0.11009477767820197
-0.004158151689277467
0.5475319012259305
0.9300627849976699
0.5647141682021908
0.7536190305899
0.46732058507880847
-0.7706606753788794
0.5848304858444817
0.7489261573775094
1.2564478746440013
0.6150141915413831
0.8810680741361141
1.281370601525967e-15
0.5133336543715497
0.43691684704973577
0.578708596904628
0.3698469103449682
0.3598223627200339
0.3907298408790707
0.4054493194547588
0.49044391646383634
1.1078628675064133
1.038464001651787
-0.3253665381636077
0.5678310186380795
0.6897427708059958
0.8864039558150059
-0.022261560464054142
0.6430033972995979
0.7298831988750267
-0.6159548169315956
0.9380233438710781
0.1513750338863522
1.281370601525967e-15
-1.0020388706477368
0.3466465237815166
0.7983135837156179
0.8185034356183336
0.7547851791956091
0.6766576413848586
0.8016783800497165
0.9139874188968338
0.8320410749738278
0.8256594575342082
0.7454815387356537
0.8605154945023483
0.395271917112475
0.15927813717285044
0.5334820240236164
0.3813420040143283
0.4379541766985875
-2.1871475789888315
0.29656914876829443
0.18070785676458234
0.4396054839737995
0.25740583317519783
0.19833446331618954
-2.223419385438185
0.05009018098278928
0.15305084638988475
-3.9842714075493086
0.08471110036641526
-4.7134884492455935
1.281370601525967e-15
1.281370601525967e-15
-5.0652635056345074
-5.425056887602473
-5.4826852706795295
0.0726238632936555
0.09907632144590017
0.08674680630022871
0.09337686244382398
0.12857233159453685
0.15889704984663977
-1.7942518188626382
0.11264408186705899
0.3492213881725095
0.31376290950941144
0.2333651524979894
-1.799807870475564
-2.235439888841765
0.3397083753760357
0.5067391996232271
-1.0853840612440182
0.19856780730030543
0.4929795949612781
0.3234015458064129
0.5835586981758443
0.4601410280155318
0.3010334165824968
1.281370601525967e-15
-0.005764292782005853
0.5758516680372259
0.7284867944354891
0.4089267480905314
0.48904483642996444
0.4127970074180698
0.5367590774927999
0.6886226042918582
0.5865991556255521
0.4042005317324455
0.04566302025766755
0.6014598365689354
0.8830599461789617
0.5874227841980546
1.281370601525967e-15
-0.02783750478979563
0.5502745360806087
-0.10487417538565413
-0.28312123393143196
0.5514014560886247
0.2280116928453162
0.371028821180176
0.5092351868213463
-0.15000438515501635
0.1266357527420967
0.2779173246133979
0.5200756298359208
-0.1776489026814403
-0.46691144137419727
1.281370601525967e-15
0.3759119653883578
-0.5941231883119444
0.23437947142834337
0.24512627026782252
0.19981443262992538
0.028360332902232832
0.15321415799142857
1.281370601525967e-15
0.20123990846328943
0.18673069935594366
1.281370601525967e-15
-1.6764410424586034
0.46897111003821323
0.2816769320131529
0.07083106972309527
0.24284827633097728
0.2674571264774974
0.501727737311003
-1.5051945904689115
-1.6876762492991997
0.07105702428444824
1.281370601525967e-15
0.4692799005173398
1.281370601525967e-15
1.281370601525967e-15
0.17477786906401482
-2.708902151024689
0.2589273479527867
-2.713358701910738
-2.1714014129466
-2.437290302747619
-1.0765551196541265
1.281370601525967e-15
-1.8846429014807669
0.44593240252465116
0.4144069292382566
-1.3986504100314927
0.1257853289352182
-0.40937600341524405
-1.328508936158654
0.5644556131522589
0.2735145490116325
0.34661082164646473
-1.121368158056316
-2.048806047252131
-1.2150399128543272
-2.2579602170229442
0.18425469207623835
-0.8293044338122533
0.5421713204422705
-1.3209602741603979
0.5830403325504316
1.281370601525967e-15
-1.3235810568231878
-0.9671434659010645
0.24360745223586755
-1.7136784121844828
0.32024842812390464
0.43635011597079365
0.4034070730133317
1.281370601525967e-15
-0.5394244235707983
0.6280547549051629
0.5326914117138382
0.11848377637302154
-3.773323475699141
-3.311022658896645
1.281370601525967e-15
0.06268237706999066
0.014553174919740189
1.281370601525967e-15
1.281370601525967e-15
-2.421863300453925
0.5221097199693929
0.4956694373636692
0.2840493266003141
-3.0175840116468233
0.4047934851331172
0.45094993551853335
0.678308129930941
0.3627482527744341
0.5493805721273595
0.622000035609729
0.27389873501520545
0.7050104117605258
0.44520629877379614
1.7982441186920157
0.4851182543835244
0.42291518579098386
0.5152784629423923
0.39235594310810873
-4.068180615656365
0.04968884005835639
0.06095787278122228
0.08227617714517138
0.1990758422865042
0.3917101678012931
0.4186504751403055
1.6641656031646725
0.5680705968404807
0.7422461452993088
0.4680519778504342
0.5301166246578721
0.4704251173213012
-2.3639333819466968
0.3684494241224401
-0.6196308864916658
0.4038328922254326
-1.0459918668312156
0.5829252052858869
0.11821544755304697
0.2180100047413993
0.2803688786117866
0.4645568339119903
0.36847404148883744
-1.9638735833891872
0.3054046896768927
-2.741437708452584
0.5350556785316167
-0.5270252067221621
0.2863796196740338
-1.8839894008045421
0.5143057232126254
0.7867365601591714
0.7877662338903788
0.7196214914564851
-0.8813523790005071
0.8222249749337132
0.45960789420290094
-0.3608317592443431
0.3593006880883358
0.6628039645816053
0.7631203492408984
0.8492713164407446
-1.5599356611500026
0.47917911454969975
0.5221619070357726
0.8569138403820005
-2.0789024498241835
0.7106249708663888
0.7502014697396922
0.8153625518401488
0.6047693809465757
0.40532704161334365
-1.7752255271233253
0.2737382087477711
0.5969134507286595
0.589117574197292
0.6037838258015937
-1.4897523204716414
0.4456118181493627
0.46900990081081906
-2.6106958882369184
0.483353069397918
0.4955815298639026
0.6235667129863134
0.46724345867515993
0.516495127824609
-2.100696725166604
0.27492796281001053
0.4951819962916748
0.5232074241540836
0.5189984892023258
-2.5614788663929433
0.44469980464921344
0.8206532744176305
0.5241787381846725
0.5762135035247709
0.38613503608529487
0.8927598743975846
0.465690321520563
-1.7320412844239224
0.4791026508381169
-0.6177151917949955
0.7694086984588047
0.3318338154623024
0.7013900873464034
-1.7774122348403294
0.4468685809582369
0.5042495884144815
0.288081931068944
0.3623476748629024
0.7689790475446188
0.4260331388419658
-2.7758968429388275
0.15607367512212533
0.3672122240119926
0.20435508214072162
0.09656972200704378
0.19077780975322067
0.22880286931054727
0.16226970398758722
0.12280210035780159
0.11307229968905513
0.12825715319383313
0.0450582608908035
1.281370601525967e-15
-5.575079181248543
0.06589888949692826
0.06775483501203045
1.281370601525967e-15
0.019293415477276366
-5.310482471902929
-5.567155803456888
-6.253642037860957
-5.421844226867874
0.06567075733266184
1.281370601525967e-15
-4.873976076063731
1.281370601525967e-15
1.281370601525967e-15
0.07802065968313043
0.11899822560487122
-4.4415800029470205
0.13757687647709965
0.06524484314109302
0.03601615686019155
0.1743534776487673
0.2160292503692316
0.1253411136116978
0.20461040238687356
0.17721146229007723
-3.268866129682414
0.030556046119398328
0.2747302482346522
0.33918807401678563
0.35533723841256437
-2.65287065153127
0.33528062571284856
0.3988928452021172
0.5727737730699622
0.08750709437022702
0.6882830666176565
0.49848910036688276
0.7136706123822945
0.24531300827450497
0.34144811975663547
0.5088498392715601
0.4286536660076363
-3.2063401225649395
0.7803339299103929
-2.3371555153981953
0.2756084621413193
0.3433705812435863
-2.3286604874323835
0.45952500391805473
0.6693564948417974
0.44164976492967023
0.43316123136509344
-2.396442115046937
-1.0349741055895194
0.5069925907376995
-2.538444392240831
0.5023492928578706
-1.7712779865168304
0.5722705483894501
0.3325510600588524
0.27489724814849525
0.5206754362918802
0.5512809518914525
-1.5086900385987896
0.6212960113766559
0.5221060674255811
0.5967328969477548
1.281370601525967e-15
0.41863043404298983
0.729723455084476
0.14847781372287716
-3.116227680931196
0.3565878104003044
0.5048100725405893
0.610562585888371
