0.0019503067633372363
0.0015444416403206922
0.0011973808578387962
0.0033766121180598984
0.0031720910749909077
0.011054260913952276
0.0031452949220419192
0.009434917361756374
0.012670352725022385
0.009349210187288967
0.011651183148851104
0.011192273515265944
0.014465900568868734
0.011238008385028052
0.013085195225691579
0.011091764472579403
0.014981074669877397
0.01159067189726316
0.011324734994405273
0.009127245998805527
0.004658914205997946
0.010786151524193762
0.015752402785818957
0.0006198764061848397
0.007563161045924337
0.012006269752549922
0.011904849418663085
0.010639007601270114
0.012116477520251285
0.010831418343916595
0.01570198559496238
0.010871545354283755
0.012155460433113803
0.009051511444837524
0.005762902648066429
0.00725893642549428
0.009945614568765162
0.011403738719583176
0.010107196743944545
0.010632119795197634
0.014799790261841434
0.007899715144376877
0.013485757497415402
0.010019828917281174
0.010781785379401007
0.0062915403953493435
0.012731364931933942
0.011344482866123972
0.009558544479023195
0.009899982598406703
0.009395406640452512
0.011216383974284828
0.012541394181999184
0.01204439193737558
0.010844998767352431
0.0070127974950167935
0.011450028318864953
0.008295397392385323
0.012040763702882892
0.012307327333451324
0.011561250780895595
0.00326979545709595
0.00962397229840101
0.01295018608821684
0.010128112801240473
0.009731110546305089
0.008999058718369207
0.010406343679984912
0.010111009375034353
0.01169815337927858
0.010819086679695354
0.008452178137156336
0.010694964106597956
0.011018094054078645
0.00842946358425699
0.007047868231516998
0.008478658727450364
0.007359703295168875
0.010898808395555185
0.005677397595486783
0.0110368825024971
0.00426849377580022
0.007105730724447319
0.010421564730559798
0.011203490917328624
0.01146112893370364
0.008502335303148029
0.011685856997701327
0.008458183750106998
0.0053727821091361806
0.006833914483402489
0.009758500643841815
0.003627162188122116
0.004156563858182491
0.004484313822582728
0.007458933488333634
0.002581142586957974
0.0043204204946803325
0.003958431614564607
0.0078707904967306
0.012245056274869522
0.007708374953036405
0.001316628232256184
0.004185912145263036
0.00692702617397258
0.007549647200293097
0.008318518757682577
0.008027058323570065
0.004065093169450476
0.0024145007451628338
0.007250802360042102
0.007922074753098847
0.008797891035840213
0.006374516249601266
0.00820900285845772
-0.000607256104710135
0.0003980066440507773
0.005679752781143899
0.0022577189226923363
0.0017568384922412102
0.0009873783310523831
-1.3418306463602758e-05
0.00027893049203711666
-0.0001444482334957604
-0.0001109596973192827
3.305279216218734e-05
-0.00010190555037149291
0.00034151260016431097
-0.00011520498416723098
-9.587484359016931e-05
-7.674240494099684e-05
-6.003878643014714e-06
-7.230651294980319e-05
-8.141364079365887e-05
-1.751488872264047e-05
-8.588354006108615e-05
-9.94161661818586e-05
-5.298043630443162e-05
-1.506835117853186e-05
2.1491648354111364e-05
0.004621863909892475
0.0017820266931181175
0.005891405804970795
0.01083940657539668
0.0125390061909551
0.01127017891590344
0.011132619039380487
0.009671571985087083
0.009907872990543225
0.010737782842733034
0.009611247774335278
0.012491753119018402
0.008208632111559916
0.010398820044364552
0.00899953720276544
0.008678609165164457
0.009781962206911068
0.008448805112503985
0.006731430349638578
0.010150393911944687
0.0088011677924492
0.008102696850049346
0.012198968889105094
0.008471083986152156
0.005791788654212683
0.00631744084340987
0.007474801520023416
0.008801951909126698
0.011212361686781285
0.012483962707506202
0.009437028868583316
0.009810533172659106
0.011227005790644382
0.0099570611623209
0.01068362004043426
0.010751276201277058
0.006923241443974015
0.009587163938430576
0.008936170441874466
0.010223567314671916
0.0063248061119372066
0.010594556848829036
0.009554181337576918
0.0076319326799153325
0.01057291822576083
0.012744831950140856
0.010191294065372334
0.012293996461029844
0.007272744652473803
0.008232590756358783
0.005917675182846814
0.004886581536114976
0.011787127575480448
0.0072940506207076865
0.00785026243179011
0.007341241141160101
0.008272889532784366
0.009625766913931234
0.005403403207678364
0.008117298486446696
0.011766619682197435
0.004628239539193542
0.008447894623342708
0.010265226040303823
0.00650445410783039
0.00749041351759308
0.0099597056432956
0.008652087124481518
0.008025885560275853
0.010159829906003302
0.010762570029789024
0.004483707539145933
0.0007112697747047935
0.011468415705794252
-8.8012915386055e-05
0.006539279258616883
0.0005813837457481216
0.0025250349212287775
0.009183427098676082
0.008253412555547216
0.007722387346494756
0.005398140572283361
0.008206062292871375
0.006907383047314245
0.0061295157616244
0.00468038572787707
0.0052999271743568435
0.004672265799371936
0.008318294075175287
0.007604272089151405
0.008460518504620885
0.0073105139401425465
0.008865316891794494
0.008629025071027072
0.010037376303116536
0.010620799776775814
0.008639631831339799
0.007999147316407967
0.008835593063571373
0.008311717959277733
0.00548304690994447
0.007728238284651818
0.010522761087972662
0.01153379318189027
0.009904255691682717
0.010111934863163707
0.012168132457915568
0.005564840476798605
0.008225993024700885
0.009912392515138433
0.006886073558329303
0.010374794800088464
0.008453615420519893
0.007745105354260163
0.008982639826627758
0.007951653407294916
0.0033727497919085812
0.005840450405239688
0.005375512737854142
0.004256312499036677
0.01002904540422416
0.003340864023820866
0.007043441036692905
0.003923988901317398
0.0032298938298077804
0.005590399816305744
0.001599360266310419
0.004100362190448035
0.009255899232686828
0.0036817005927715497
0.0039622535326782875
0.005672972178966654
0.007891398597025893
0.0022927815587042177
0.008216210297651431
0.00764577944404843
0.000530107234127369
0.007472878556214939
0.0026856404121585954
0.006639821050156672
0.006547737654316194
0.007576149203088019
0.006917322844028837
0.0055307190613947
0.0067258977682537946
0.007412741881672611
0.008177445826128877
0.010431862359624787
0.0070520607904050025
0.012154102391252074
0.011469799036925077
0.008427786568181453
0.009437434663607296
0.011279851627301761
0.004158890561669303
0.0036834111200606708
0.011610870024294133
0.004515618361449166
0.004432216525717064
0.005333134730525034
0.0032816683608118415
0.0024414984321970705
0.0012462771110788224
0.0002620245972629222
0.003845128308208327
0.007367333998097462
0.004366208365390496
0.006741149488085151
0.007643253814500608
0.00954044731249033
0.00880138143040931
0.010269338290892436
0.007511509838224902
0.005936031785931325
0.008341792868257087
0.00867264587236172
0.008189090350285812
0.00746275579995152
0.006993121086442573
0.004357819628373326
0.0024185133092325963
-0.0006358368982276625
-0.002127779784564642
0.00026871624472573475
0.003637788327296789
0.0066620663981467425
0.008994251824487725
0.011715481745709242
0.011393427730592657
0.008511567761004616
0.005191562005782278
0.003116210078935822
0.0024527857431461226
0.0021482002009519142
0.001077053734214803
0.0009806170645785405
0.0005409534416063179
0.0007027416220294516
0.0004060555304381254
0.00033487477505795974
0.0003376189345988008
0.0003599848905052127
0.00023905455683041746
0.00034413214840491816
0.0001829321921233111
0.00013366217594779685
8.510832056312922e-05
9.306330427604407e-05
9.018628167590391e-05
9.3820035235342e-05
0.00010617326844686787
0.00010153168935776505
9.703690801437759e-05
3.471200151275444e-05
3.3606345412336594e-05
4.4847151638836165e-05
8.02528586187453e-05
7.413360243776507e-05
8.377239483841868e-05
0.0005045300481508202
0.0004855130718665032
0.0009378883958346177
0.0009576157814974222
0.0009916626393083184
0.0005934693697211055
0.0007019815157909506
0.001389362435708278
0.0019255366036660187
0.0019587900362626576
0.000938544182410212
0.0018798818567856354
0.002032585711810573
0.001881851315251241
0.0011882581840352993
0.0008086786890027396
0.00041620502156718223
6.448551783758014e-05
5.820193905599885e-05
4.561860241687619e-05
3.68798005706609e-05
2.8875274186527612e-05
2.3373560648497125e-05
1.2874254838460403e-05
0.00015635640078945262
3.208142167829641e-05
1.1250901626752672e-05
2.8886883412526987e-05
3.451100216244899e-05
3.999677974257887e-05
0.00018395617843019698
0.00033742910909469686
0.0013392679221803313
0.002762906786517852
0.004229942159229798
0.005321598281426801
0.007918574180840724
0.007376772367883839
0.007105851263276465
0.007084963855549295
0.006178697188882057
0.007074810938571371
0.006487089379583682
0.006499396643493371
0.007165111242943887
0.00640435854104931
0.0040783366036478376
0.0003349559054337988
-0.0005454599907701753
0.004506882336248651
0.0060022812799446585
0.0036142539070548175
0.0021232967600190973
0.0023279484515421477
0.0009580687325320613
-0.00012075230387758957
0.00019237792216116707
0.00036708622168513664
7.420542381054533e-05
-4.740432162180944e-05
-0.0010811997544946084
-0.00015751326739987603
-1.8831173838992053e-05
-1.0763429289666862e-05
9.5137834619761e-05
-0.0005182816341525837
9.585186678425331e-05
-0.00032308829865878094
-0.0017935363588248115
-0.0005377959976317175
-0.00021608763329515336
-3.6245622087033466e-05
-6.059840437930764e-05
-0.0009999088341900043
-0.00012195526695845872
-2.133952310566673e-05
7.031060730608038e-05
-0.0013717270744711657
-6.361383788352588e-05
2.4160940915307222e-05
-0.00022752042969823144
0.00012117139304226647
-0.0001474100970589924
3.861241512113027e-05
0.00010583973043440586
9.939365679287107e-05
9.338895844403225e-05
8.845977960820949e-05
8.306132948813983e-05
7.9032944546991e-05
7.499599596391751e-05
7.088109871940264e-05
6.837039910151618e-05
6.472518122076372e-05
6.189378179492154e-05
6.295984115655625e-05
6.466379349612426e-05
6.909113471662211e-05
8.038144629259445e-05
0.000110602110198395
0.0002455706087060112
1.7527489132554687e-05
1.2680983080429623e-05
1.0852347520383408e-05
1.348731954567268e-05
1.490023924910104e-05
1.915984162783829e-05
2.2032268038851634e-05
2.3971709326904845e-05
2.87972390644569e-05
3.0271348227990635e-05
3.543192909514017e-05
3.342260576014106e-05
4.112723096742097e-05
4.413939477493273e-05
4.996211397705648e-05
4.987511018611515e-05
5.314112703571656e-05
5.589369603819621e-05
6.433921351366513e-05
4.920657089749273e-05
5.2681606371385475e-05
5.727319609716059e-05
3.6656676057809496e-05
3.866207652929573e-05
4.2935128448573367e-05
2.2497742612610726e-05
2.2554299027035e-05
2.4443884801254985e-05
2.420227730816881e-05
1.6356228377603338e-06
1.6205228669298932e-06
5.844672771052738e-06
5.960447117555717e-06
6.049038284492526e-06
5.26099281587169e-06
6.139298444704724e-06
5.561911941501385e-06
1.8550295904548571e-06
4.944395812721981e-06
1.612830475467676e-05
3.930987430961465e-06
1.7898818412054678e-06
-1.143883975487233e-08
8.782950657584876e-06
5.647935395427268e-06
8.203755378904581e-06
-2.6580620248606187e-07
3.998031573554315e-06
4.172330361555571e-06
1.6423207670611222e-05
1.8656062422607226e-05
3.77987033240365e-05
1.2205731639313212e-05
3.0052512617357904e-05
6.1186721336803275e-06
2.1305348653676724e-05
4.955815997458273e-06
3.604876502385265e-06
3.5963528636267906e-06
7.990880001072064e-06
3.7097467234345288e-06
7.939647037439584e-06
1.0940498602940711e-05
7.174545185290986e-06
6.4805943232417e-06
2.1447660741153807e-05
1.4217078253564284e-05
2.9834705521508365e-05
3.249718628301624e-05
7.291777103655542e-06
8.36688749691883e-06
6.268654460796227e-06
5.605247337723761e-06
8.513755779152515e-06
6.032629788259846e-06
9.573118434191094e-06
7.406639156672674e-06
8.65439823668099e-06
8.659680775290468e-06
2.6679673499178912e-05
3.275925161112039e-05
2.987186967291724e-05
2.738466726297204e-05
3.7421626377018165e-05
3.31774479839185e-05
2.94128792639924e-05
2.569501957107782e-05
2.10056723339323e-05
1.727527856219815e-05
1.2965968385533517e-05
1.1229139502886994e-05
8.217519622947851e-06
7.288455450242316e-06
6.150664472024203e-06
7.96863176359328e-06
7.050009979165149e-06
7.703840194014113e-06
9.387213230641655e-06
9.093035770837885e-06
1.4335674602681528e-05
1.6486464414544427e-05
2.0295862742535254e-05
2.3296768829612176e-05
2.6652760500338378e-05
2.96355025156476e-05
3.3087477931529215e-05
2.124104285690129e-05
2.31267858629462e-05
2.57356397384304e-05
6.710194091930616e-06
1.0072824691864062e-05
1.0088653994272271e-05
8.573514095815513e-06
6.886554053366837e-06
1.0063718171741572e-05
1.0055616760819294e-05
7.075081006948905e-06
7.015012003229837e-06
8.439794293314691e-06
8.43762843180851e-06
8.417037625331938e-06
1.651910809913473e-05
1.3344895964322307e-05
1.068210457415802e-05
8.676371003270609e-06
-7.270712854115635e-06
-6.087245423739043e-06
1.2657286910983823e-05
1.1509317250726696e-05
1.0630243202247683e-05
1.0090302325579049e-05
8.17617241897313e-06
1.1356270448276012e-05
-2.3035949712019848e-05
-2.107134164727811e-05
-2.4235686299754756e-05
-1.6656710348317817e-05
-8.87709809915669e-06
-1.3249597387758235e-05
9.387023861369171e-06
1.188007813069706e-05
1.9445462126147466e-05
-2.6559612666763176e-05
-2.8737830359280134e-05
-3.13937015830335e-05
-3.383656766851486e-05
1.0546419859491845e-05
1.0396395324060686e-05
1.3492890008155836e-05
1.0370553180678131e-05
2.5830879862499244e-06
6.825146775764335e-06
3.9361811586808385e-06
3.861596207549601e-06
-3.495646104433519e-05
1.0122982409831813e-05
-3.0907582601569094e-05
7.381589814412719e-06
8.907119839583323e-06
8.575798461433925e-06
1.149815842754753e-05
2.1378941481008122e-05
-5.1080396892216e-05
-1.8507075644323055e-06
1.9710033926135376e-06
3.363484278471357e-06
1.0152530720011251e-06
8.229070046720454e-06
1.686310840678101e-05
2.5410069099191903e-05
-0.00020969511516004941
-7.319452777817977e-05
-7.020371193153669e-05
4.0706662676820806e-05
-3.699611793681662e-05
-1.540785830144075e-05
-0.00024961831291684625
-6.763926114635624e-05
-6.173804800300227e-05
-2.7064448241821438e-05
-3.299318211267061e-06
-7.57751998403802e-05
-5.194636863808419e-05
-3.4961526839436415e-05
-0.00017660831058874288
-3.399473255704683e-05
-1.0033367876091473e-06
-2.5874636393405692e-05
-2.8075267277362773e-05
-2.9881589235629457e-05
-3.1405404476441715e-05
-3.434253369107131e-05
-3.5853810167387825e-05
-4.451632465173519e-05
-4.118391676734406e-05
-4.939409517374155e-05
-4.444854441876721e-05
-4.5406775444142626e-05
2.2231966960549786e-05
-4.4500144071300873e-05
1.9258546151131303e-05
2.767592908413419e-05
-3.6886635322236164e-05
4.300777151786218e-05
5.181717667863737e-05
6.299007207216575e-05
-4.606951776455182e-07
7.005306642383875e-05
9.9734974907205e-05
0.0001410377799660052
0.0002010387445830864
0.00029740342122944825
-8.368925604247472e-05
-0.0014243434622639164
-0.0008879008213239633
-0.0005989787492461446
-0.00045940009016366966
-0.00037929717177807675
-0.0003280977555226388
-0.00029284435068496127
-0.0002672182831114677
-0.0002478132363730622
-0.00023263013464818727
-0.00022045109311969116
-0.0002104481640546907
-0.00020209855799718874
-0.00019499939333403793
-0.00018889184626178832
-0.00018358201600419532
-0.00017890411529487003
-0.00017475501688740344
-0.00017104643919045348
-0.0001677088531026984
-0.0001646965388635021
-0.00016195448757435086
-0.00015945622937431873
-0.00017107942322951844
-0.00015508084606871637
-0.0001166762431330879
0.0007353928423983322
0.0016051848924888569
0.0012490048593018102
0.0021489378887561716
0.0032361264556708684
0.001073271415902033
0.0015290761758190157
0.004143480989728611
0.0036310453180399237
0.00013151412653949682
0.0003522450277656584
0.0017414719689064825
0.004039158156454512
0.004423596436889983
0.00017073757983443008
-0.0003068083629706716
0.00034936616730272846
0.00061681746151021
0.0019128167873643843
0.005001998831291562
0.0051912359040123
-0.00041546476810314017
-0.0005204979027211785
-0.0005582413080641543
-0.0005637191973642834
-0.000519669403518474
-0.0004616613755191053
0.0005770961356950312
0.004244176243277308
0.006357328643859371
0.0028298554235945635
4.306251414069117e-06
-0.00033385277522958993
-0.0005345499784181953
-0.0007570209246234762
-0.0008667984424512221
-0.0008564454259502121
-0.0007647921736599896
-0.0006559778316794446
-0.0005603912773743752
-0.00026356014202574596
0.003854140437990445
0.005603663440564134
0.0027027527145543056
0.003209510840294851
0.0038891732355503914
0.004567968821948022
0.006661132499116995
0.005023770972330156
0.0037707550633210934
0.002930256613675183
0.0024236473906333713
0.00033471331021078923
-0.00031614569303485524
-0.0009360479788672109
-0.0012228149569695067
-0.001135026413354368
-0.0008759356872174305
-8.498335460912735e-05
0.0020256292018782755
0.002881145207302732
0.003129797155341064
0.003731018968148325
0.005495413329248272
0.004764244064326609
0.00464266734535399
0.0046298071712965565
0.005828200897435153
0.004857091256209435
0.0029846577573330564
-0.0008468288032303577
-0.0013306142396121575
-0.0012924448238689635
-0.0008693238456594995
0.002035349985840943
0.003330636464205801
0.0012837265209236614
-0.00031131348691593993
-0.0014378474696453327
-0.0017754778969870139
-0.0007154243461486128
-0.0002697623026706319
0.002330531308662174
0.0037676600032335726
0.0006152744856795277
-0.0011256278154745255
-0.001064510331844339
0.003455400618978139
0.00043399484619889946
0.001193349141466103
0.0006797896683914089
0.0002111546100696757
0.00017851038170542323
9.974726001108384e-05
-8.049710783931972e-05
-0.0004358743230309604
-0.001663164962069261
-0.001058850843084662
-0.0003801687335471918
-0.0001383720602912156
-5.024081197100225e-05
-1.490066265650103e-05
1.05270035176725e-05
0.00036154300782657747
0.00029584683892216774
0.00021627084644864594
-0.000870503350114883
-0.0007987299925912157
0.0015690383380864853
-0.0004326003143261256
-0.001468770113012795
-0.0015584707529377416
-0.0007124361016396092
0.0006813303724129752
-0.0006167055338549574
0.00011324943279388688
0.0010094432020556592
0.0007713160207759638
0.0013559593988978279
0.0014010022390011428
0.0012049582330971615
0.0010798490165792555
-0.0016199600799007875
0.0005959557512979903
0.001034065323206993
0.0009338462276018912
0.0006649583334101422
0.0006891976627396999
0.00013196173054341555
-0.00026549959861895154
-5.237514359481074e-05
-0.001111676714499168
-0.0008217650623868111
0.0007217479793497082
-0.0003125971235583988
-0.0002554301898383101
0.00012555628384091123
0.00021901282807486433
0.000274257287623401
-0.0007377682288115787
-0.00016677070408721868
6.813599458942418e-05
-4.2622119381089635e-05
0.00018602930447097867
-0.00015825226021223292
-2.6672273011722836e-05
-0.0016017796793394213
-0.0001897786625769891
2.7930895996188057e-05
0.00023615358574047957
0.00038403948387599935
0.0005524904426993001
-0.0025224212959836312
0.0003198446266436516
0.00011588467538571954
-3.018376084503459e-05
5.295922078969636e-05
-0.0008079666786476466
-0.00021405629252037222
-6.083300340245995e-05
-1.2367170662931118e-05
0.00022466622082712427
-0.00019662414520880552
-9.822457342408701e-05
-0.00010437615031697243
-3.284800306791711e-05
-0.000326905590483405
-8.233032790750531e-05
-3.0521094826537256e-05
-0.00045991261885466953
-7.208654225920946e-05
-0.00013086179003380521
-2.7650026659015353e-06
-0.0002481958522370962
-0.00012516543953195675
-0.0001763767942731869
-0.0002794665029715586
-0.00019393625588565695
-0.00014000180509340866
-0.00012711129648073922
-0.00014202579401349387
-0.0002575201461302692
-0.00018815447519288675
-0.00014906009137446131
-0.00013292547829579053
-0.0002629038416710422
-0.0001632311423783312
-0.00012881632938387415
-0.0001626469653103772
-0.0001751866173393549
-0.00014845692953562319
-0.00011046520351901885
-0.0001897344567282883
-0.00014044578167101175
-0.0006973311658709815
-0.0001438107740175953
-0.0001327798188550382
-0.0001613620071671498
-7.044445696071003e-05
-0.00016497147038977992
-0.00010319226527391924
-0.00012079534138153655
-0.00023039129089614315
-0.0001304036102165911
-0.00011068914058589878
-0.00010119999454485255
-3.7406368786458254e-05
-7.395189590182856e-05
-8.811460219813908e-05
-8.761124453720094e-05
-7.413571576856067e-05
-6.584277295452615e-05
-7.209926139207423e-05
-9.472600185356135e-05
-9.436841759791923e-05
-9.374000501593714e-05
-8.04460993280447e-05
-9.018030578814274e-05
-8.810432343299951e-05
-6.359610797390929e-05
-8.096440060298588e-05
-7.609936573484558e-05
-7.08403614247462e-05
-8.524544329482081e-05
-6.753023273864917e-05
-6.81621349480695e-05
-4.3438961861538666e-05
0.0002070783783276494
-7.16366238988865e-06
0.00026076048751756805
0.00024687718969168917
0.00046687366923573706
0.0011533104920168945
0.000603317170618465
0.00018482713228094768
0.00015676241229190552
-5.49616883383979e-05
-0.00010090298308298422
-0.00010570521632954544
-7.326064765402609e-05
-0.00012463101672133855
-0.0001302378186540097
-0.00013417494833790978
-0.0001374495308891556
-0.00012843905063306309
-0.0001274430042438521
-0.00014449398918067394
-0.00015719573737053185
-0.00015911811336644362
-0.00014801060062600356
-0.0001481429564278047
-0.00016039389360396412
-0.0001481560137190868
-0.00014840292109600644
-0.0001344317721896852
-0.00014792082619381606
-0.0001599950449596618
-0.00014708287192013607
-0.000159254306705464
-9.576310779166612e-05
-0.0001218092642378514
-0.0001449311747569308
-0.00014448432520777004
-0.00014104410906347762
-0.00011238778968019078
-0.00013970885786307
-0.00014242539693759253
-0.00015232184416999914
-0.0001358919538218723
-0.00011506921287513609
-0.00010541380664435698
-0.00012344864948229332
4.199281623319353e-05
-0.00012641385354899233
-0.00012043411805680112
-0.00013164369737170024
-0.00012271419099523737
-0.00010782605517783231
-0.00012991029304238136
-9.519732466943561e-05
-5.037142116874583e-05
-0.00011413206626972809
4.069697461675325e-05
4.0007592624473276e-05
-0.00011246364759163017
1.1453797321705418e-05
-8.622945816523937e-05
5.543773609028277e-05
-0.00013004472529911239
-0.00013426631136915915
-8.307781483427696e-05
3.7779188796725044e-05
3.8883281024352186e-05
-7.75833010005698e-05
5.012489699410248e-05
-2.2180465399080843e-05
3.1736435426694926e-05
-0.00014018765985377427
-0.00012525849503274177
5.683719179185447e-05
4.506232912602279e-05
