0.0027310441020919262
0.0008661218783952588
0.002435084912878491
0.004044102741637512
0.0035458219919449058
0.011054260913952276
0.0031452949220419192
0.009434917361756332
0.012670352725022427
0.009349210187288967
0.011651183148851104
0.011192273515265944
0.014465900568868734
0.011238008385028052
0.013085195225691579
0.011091764472579403
0.014981074669877355
0.01159067189726316
0.011324734994405273
0.009645842695435286
0.004658914205997946
0.010786151524193762
0.015752402785818957
0.0006198764061848397
0.007563161045924337
0.012006269752549922
0.011904849418663085
0.010639007601270114
0.012116477520251285
0.010831418343916595
0.01570198559496238
0.010871545354283713
0.012155460433113803
0.009051511444837524
0.005762902648066429
0.00725893642549428
0.009945614568765162
0.011403738719583218
0.010107196743944545
0.010632119795197549
0.014799790261841434
0.007899715144376877
0.013485757497415443
0.010019828917281133
0.010781785379401007
0.006291540395349385
0.012731364931933942
0.01134448286612393
0.009558544479023195
0.009899982598406703
0.009395406640452512
0.011216383974284828
0.012541394181999267
0.01204439193737558
0.010844998767352431
0.0070127974950167935
0.011450028318864953
0.008295397392385323
0.012040763702882892
0.012307327333451324
0.011561250780895595
0.00326979545709595
0.00962397229840101
0.012950186088216799
0.010128112801240473
0.009731110546305089
0.008872161923870152
0.010406343679984912
0.010111009375034353
0.01169815337927858
0.010819086679695354
0.008452178137156336
0.010694964106597956
0.011018094054078645
0.00842946358425699
0.007047868231516998
0.008478658727450364
0.007359703295168959
0.010898808395555185
0.005677397595486783
0.0110368825024971
0.00426849377580022
0.0071256293995649615
0.010421564730559798
0.011203490917328541
0.01146112893370364
0.008502335303148029
0.011685856997701286
0.008458183750106998
0.0053727821091361806
0.006833914483402489
0.009758500643841815
0.0036271621881222
0.004156563858182491
0.004484313822582728
0.007458933488333634
0.002581142586957974
0.004320420494680375
0.003958431614564607
0.0078707904967306
0.012245056274869522
0.007708374953036405
0.001316628232256142
0.004185912145263036
0.00692702617397258
0.007549647200293097
0.008318518757682577
0.008429347816683789
0.0038201419167855186
0.002414500745162917
0.007250802360042102
0.00792207475309893
0.008797891035840213
0.006374516249601266
0.00820900285845772
-0.000607256104710135
0.0003980066440507773
0.005679752781143899
0.0022577189226923363
0.0017568384922412102
0.0009873783310524248
-1.2039121904213924e-05
0.00027893049203711666
-0.0001493593850849413
-0.00010702037264556331
-5.153200251568722e-05
-0.00010190555037149291
0.00034151260016431097
-0.00011520498416718929
-9.587484359016931e-05
-8.638895275942237e-05
-8.000166552545637e-05
4.603403052991651e-05
-8.141364079365887e-05
-2.3277448934117018e-05
-7.386809116540885e-05
-9.94161661818586e-05
-5.298043630443162e-05
-3.216968911310113e-05
2.2571460817253057e-05
0.004621863909892475
0.0017820266931181175
0.005891405804970795
0.01083940657539668
0.0125390061909551
0.01127017891590344
0.011132619039380487
0.009671571985087083
0.009907872990543225
0.010737782842733034
0.009611247774335278
0.012491753119018402
0.008208632111559916
0.010398820044364552
0.00899953720276544
0.008678609165164457
0.009781962206911068
0.008448805112504027
0.006731430349638661
0.010150393911944687
0.0088011677924492
0.008102696850049346
0.012198968889105094
0.008471083986152156
0.005791788654212683
0.00631744084340987
0.007474801520023416
0.008801951909126698
0.011212361686781285
0.012483962707506202
0.009437028868583358
0.009810533172659106
0.011227005790644382
0.0099570611623209
0.01068362004043426
0.010751276201277015
0.006923241443973973
0.009587163938430576
0.008936170441874466
0.010223567314671916
0.0063248061119372066
0.010594556848829036
0.009554181337576918
0.0076319326799153325
0.01057291822576083
0.012744831950140856
0.010191294065372334
0.012293996461029844
0.007272744652473803
0.008232590756358783
0.005917675182846814
0.004886581536114976
0.011787127575480448
0.0072940506207076865
0.00785026243179011
0.007341241141160101
0.008272889532784366
0.009625766913931234
0.005403403207678364
0.008117298486446696
0.011766619682197435
0.004628239539193542
0.008447894623342708
0.010265226040303823
0.00650445410783039
0.00749041351759308
0.009959705643295558
0.008652087124481518
0.008025885560275853
0.010159829906003302
0.010762570029788983
0.004483707539145933
0.0006575864988656121
0.011468415705794252
-5.453146796859872e-05
0.006539279258616883
0.0005813837457481216
0.0025250349212287775
0.009183427098676082
0.008253412555547216
0.007722387346494756
0.005398140572283361
0.008206062292871375
0.006907383047314245
0.0061295157616244
0.00468038572787707
0.0052999271743568435
0.004672265799371936
0.008318294075175287
0.007604272089151405
0.008460518504620885
0.0073105139401425465
0.008865316891794494
0.008629025071027072
0.010037376303116536
0.010620799776775814
0.008639631831339799
0.007999147316407967
0.008835593063571373
0.008311717959277733
0.005483046909944428
0.007728238284651818
0.010522761087972662
0.01153379318189027
0.009904255691682717
0.010111934863163707
0.012168132457915568
0.005564840476798605
0.008225993024700885
0.009912392515138433
0.006886073558329303
0.010374794800088464
0.008453615420519893
0.007745105354260163
0.008982639826627758
0.007951653407294916
0.0033727497919085812
0.005840450405239688
0.005375512737854142
0.004256312499036677
0.01002904540422416
0.003340864023820866
0.007043441036692905
0.003923988901317481
0.0032298938298077804
0.005590399816305744
0.0018080945142396236
0.004100362190448035
0.00925589923268687
0.0036817005927715497
0.0039622535326782875
0.005672972178966654
0.007891398597025893
0.0022927815587042177
0.008216210297651431
0.00764577944404843
0.0007258622805265002
0.007472878556214981
0.0026856404121585954
0.006639821050156672
0.006547737654316194
0.007576149203088019
0.006917322844028837
0.0055307190613947
0.0067258977682537946
0.007412741881672611
0.008177445826128877
0.010431862359624787
0.0070520607904050025
0.012154102391252074
0.011469799036925077
0.008427786568181453
0.009437434663607296
0.011279851627301761
0.004158890561669303
0.0036834111200606287
0.011610870024294133
0.004515618361449166
0.004432216525717064
0.005333134730525034
0.0032816683608118415
0.0024414984321970705
0.0012462771110789475
0.0002620245972629222
0.003845128308208327
0.007367333998097462
0.004366208365390496
0.006741149488085151
0.007643253814500608
0.00954044731249033
0.00880138143040931
0.010269338290892436
0.007511509838224902
0.005936031785931325
0.008341792868257087
0.00867264587236172
0.00818909035028577
0.00746275579995152
0.006993121086442573
0.004357819628373284
0.002418513309232638
-0.0006358368982276625
-0.002127779784564642
0.00026871624472573475
0.003637788327296789
0.0066620663981467425
0.008994251824487766
0.011715481745709242
0.011393427730592657
0.008511567761004701
0.005191562005782278
0.003116210078935822
0.0024527857431461226
0.0021482002009519142
0.001077053734214803
0.0009806170645785405
0.0005409534416063179
0.0007027416220294516
0.0004060555304381254
0.00033487477505795974
0.00034545629896130174
0.00032973950521158037
0.00021389500454310753
0.00037644427250795037
0.0001829321921233111
0.00013366217594779685
8.407710616335094e-05
9.306330427604407e-05
9.524756587153595e-05
9.3820035235342e-05
9.992950106098461e-05
0.00010153168935768819
0.0001047797179386507
3.471200151268406e-05
0.000113664916394424
4.4847151638836165e-05
7.367416973323319e-05
8.610916782471986e-05
8.627683137315588e-05
0.00048472290600803567
0.0008193282939486867
0.0009348611858579595
0.0010416961454948845
0.000977448586238564
0.000928160539575782
0.0008330571209963958
0.001386800754826992
0.0019255366036660187
0.0019587900362626576
0.0016239749318024534
0.002053506344198943
0.0020017892213257515
0.001881851315251199
0.0010763795904644613
0.0008086786890027396
0.0003643502703136425
6.635367351107042e-05
5.745437944619172e-05
4.561860241687619e-05
3.598942376018967e-05
2.8875274186527612e-05
2.5362794959134865e-05
1.7126197324178693e-05
0.00015635640078945262
3.208142167821279e-05
1.1250901626752672e-05
2.8660695926367698e-05
3.380980150741205e-05
3.87347406302549e-05
0.00020713086075030746
0.00036494642634696836
0.0013958092233549158
0.0018878545258742138
0.004020824606216191
0.00599272947885748
0.007918574180840724
0.007376772367883839
0.007105851263276465
0.007084963855549338
0.006178697188882057
0.007074810938571371
0.006487089379583682
0.006499396643493371
0.007165111242943887
0.006404358541049393
0.0040783366036478376
7.824780430984277e-05
-0.0005454599907701753
0.004506882336248651
0.0060022812799446585
0.003614253907054859
0.0021232967600190973
0.0023279484515421477
0.0009580687325320613
-0.00012075230387763138
0.00022257848263321057
0.00036708622168513664
7.420542381054533e-05
-4.740432162180944e-05
-0.0010811997544946084
-0.00015751326739987603
-2.7162966559186043e-05
-1.0763429289666955e-05
9.5137834619761e-05
-0.0005182816341525837
9.585186678425331e-05
-0.00032308829865878094
-0.0017935363588248115
-0.0005377959976317175
-0.00021608763329506998
-3.6245622087033466e-05
-6.059840437930764e-05
-0.0009999088341900043
-0.00012195526695845872
-2.133952310566673e-05
7.031060730608038e-05
-0.0013717270744711657
-6.361383788352588e-05
2.2306826210174925e-05
-0.00022752042969823144
0.00012117139304226647
-0.0001474100970589924
3.9252755870836336e-05
0.00010583973043440586
9.939365679278744e-05
9.338895844403225e-05
8.845977960820949e-05
8.306132948813983e-05
7.9032944546991e-05
7.499599596391751e-05
7.088109871940264e-05
6.837039910151618e-05
6.472518122076372e-05
6.189378179492154e-05
6.295984115655625e-05
6.466379349612426e-05
6.909113471662211e-05
8.038144629259445e-05
0.000110602110198395
0.00024557060870609456
1.995006049392931e-05
1.5721208640942712e-05
1.1192356890417015e-05
1.3463931241939906e-05
1.4245778504449643e-05
1.9159841627874696e-05
2.183393268052696e-05
2.397170932699288e-05
2.7249002618658853e-05
3.202048575158597e-05
3.3341919312768365e-05
3.727755128474269e-05
4.07206302948977e-05
4.413939477493273e-05
4.996211397707866e-05
5.2956532329295565e-05
5.633207183329441e-05
6.0258684791361994e-05
6.433921351373062e-05
4.660370701144275e-05
5.036857332169002e-05
5.4294043754818323e-05
3.6656676057809496e-05
4.107885710115134e-05
4.3291565385835246e-05
2.149896083711706e-05
2.272161789078298e-05
2.341421908826648e-05
2.420227730816881e-05
1.6356228375677516e-06
4.9782955793952675e-06
5.844672771052738e-06
1.8898281235599656e-06
6.049038284492526e-06
5.26099281587169e-06
6.139298444704724e-06
6.241095622724073e-06
5.641763145249915e-06
4.944395812721981e-06
1.612830475467676e-05
3.930987431000282e-06
1.7894261598881552e-06
-1.1438839755055404e-08
8.782950657584876e-06
4.835932769204673e-06
9.192736189325771e-06
-2.658062024102761e-07
1.3532758251929064e-06
2.037862210505666e-06
5.021315226655374e-06
4.8512534982331595e-06
3.77987033240365e-05
3.391367378741581e-05
2.9267336312651176e-05
6.11867213379428e-06
2.1305348653767468e-05
9.80644688506668e-06
3.6048765024256375e-06
4.730056144341264e-06
8.71220661681417e-06
5.913886401525597e-06
7.939647037439584e-06
6.8182749378921184e-06
7.174545185290986e-06
9.295113162059191e-06
1.2298963224293265e-05
2.5290215214506915e-05
2.907681923984395e-05
3.249718628301624e-05
8.311467579361222e-06
5.947439766526469e-06
8.425889026969538e-06
8.473255110483504e-06
8.513755779152515e-06
8.576948305913344e-06
5.60156844694123e-06
7.406639156672674e-06
4.38202829785748e-06
3.040968665887434e-06
3.521991825447343e-05
3.275925161112039e-05
2.987186967291724e-05
2.738466726297204e-05
3.7421626377018165e-05
3.31774479839185e-05
2.94128792639924e-05
2.569501957112174e-05
2.10056723339323e-05
1.675629720668101e-05
1.2965968385533517e-05
9.883589651040694e-06
8.217519622947851e-06
7.386954874579528e-06
8.197597940217203e-06
5.284656737565248e-06
7.952874533098988e-06
8.703218428471436e-06
9.387213230641655e-06
1.0482702325928747e-05
1.350045008776323e-05
1.6148905389770597e-05
2.0295862742213873e-05
2.341966265495471e-05
2.6652760500151302e-05
2.9635502515460704e-05
3.149276379727488e-05
2.124104285690129e-05
2.31267858629462e-05
2.5735639738274176e-05
8.755557159367101e-06
6.683302255745994e-06
9.627040517196592e-06
8.573514095856796e-06
1.0078666373970702e-05
1.0063718171565711e-05
8.370148732525414e-06
1.000526110111672e-05
8.43719714538353e-06
8.439794293427882e-06
8.437628431920523e-06
8.417037625407743e-06
1.651910809913473e-05
1.2718604478707727e-05
1.1331443733490917e-05
8.676371003270609e-06
-7.270712854115635e-06
-1.0701053509646361e-05
-1.70437768053791e-05
1.15093172506509e-05
1.0630243202171887e-05
1.1798568065038615e-05
8.176172419099857e-06
1.1356270448276012e-05
1.4845627831967492e-05
-2.1071341647120895e-05
-1.8596607342343172e-05
-1.6656710348317817e-05
-8.87709809915669e-06
8.207114497493661e-06
9.387023861369171e-06
1.188007813069706e-05
1.7229490535164518e-05
-2.6559612666763176e-05
-2.8737830359280134e-05
-2.7782245580481927e-05
-4.515288341282664e-05
7.135432624260955e-06
1.039639532398489e-05
1.0729760204167243e-05
1.3455264509148008e-05
5.190464661186531e-06
6.825146775688539e-06
3.936181158797613e-06
7.712571853362396e-06
1.2471012825691682e-05
-4.1892151920533457e-05
-3.868479437877589e-05
7.381589814412627e-06
2.306408173606231e-06
4.878998558504971e-06
1.4685289148162257e-05
2.1378941481286846e-05
-4.573185344655887e-05
-1.8507075644323055e-06
1.971003392575281e-06
3.363484278471357e-06
1.015253072039018e-06
4.000408664894747e-06
8.792678789422926e-06
2.5410069099235474e-05
-0.00020969511516004941
-2.7575894949118742e-05
-6.23430756060613e-05
4.138888250527395e-05
-3.699611793681662e-05
-1.540785830144075e-05
-0.00024961831291684625
-5.934618772854696e-05
-5.703053470842604e-05
-2.4019413445499823e-05
-2.0386248449677536e-05
-8.229401433489771e-05
-5.194636863808419e-05
-3.4961526839436415e-05
-0.00017660831058874288
-3.399473255704683e-05
-2.0684792579509317e-07
-2.5874636393405692e-05
-2.3059422214141037e-05
-3.23737288294943e-05
-2.5849856628543083e-05
-3.818976105988789e-05
-3.5853810167387825e-05
-3.634345156760637e-05
-4.630169755154893e-05
-4.939409517382366e-05
-5.016724862536177e-05
2.0649502233394672e-05
-5.1925123032495895e-05
2.9865023128080413e-05
2.5289793974388878e-05
-4.680848604038414e-05
2.0595265254174015e-05
4.300777151786218e-05
-2.4833633388090096e-05
1.5537539857788348e-06
-4.606951776455182e-07
7.435895964811214e-05
9.9734974907205e-05
0.0001410377799660052
0.0002010387445830864
0.00029740342122944825
-8.368925604247472e-05
-0.0014243434622636655
-0.0008879008213239633
-0.0005989787492461446
-0.00045940009016366966
-0.00037929717177807675
-0.0003280977555226388
-0.00029284435068496127
-0.0002672182831114677
-0.0002478132363730622
-0.00023263013464818727
-0.00022045109311969116
-0.0002104481640546907
-0.00020209855799718874
-0.00019499939333407972
-0.00018889184626178832
-0.0001764361754040349
-0.00017890411529487003
-0.00017475501688740344
-0.00017104643919045348
-0.0001677088531026984
-0.00016469653886337692
-0.00016195448757435086
-0.00015945622937431873
-0.00015037630904570973
-0.00015508084606871637
-0.00011667624313304609
0.0007353928423983322
0.0016051848924888569
0.0012490048593018102
0.0021489378887561716
0.0032361264556707847
0.001073271415902033
0.0015290761758190157
0.004143480989728653
0.0036310453180399237
0.00010606857333057659
0.0003522450277656584
0.0017414719689064825
0.004039158156454512
0.004423596436890024
0.00017073757983449527
-0.0003068083629706716
0.00034936616730272846
0.00061681746151021
0.0019128167873644262
0.005001998831291562
0.0051912359040123
-0.00041546476810314017
-0.0005204979027211785
-0.0005582413080641543
-0.0005637191973643251
-0.000519669403518474
-0.0004616613755191053
0.0005770961356950312
0.004244176243277308
0.006357328643859371
0.0028298554235945635
2.0729189641455006e-05
-0.00033385277522958993
-0.0005345499784181953
-0.0007570209246234762
-0.0008667984424512221
-0.0008564454259502121
-0.0007647921736599896
-0.0006559778316794446
-0.0005603912773743752
-0.00026356014202574596
0.003854140437990445
0.005603663440564134
0.0027027527145543056
0.003209510840294851
0.0038891732355503914
0.0045679688219479805
0.006661132499116995
0.005023770972330156
0.0037707550633210934
0.0029302566136751415
0.0021636269994233215
0.00033471331021082826
-0.0003408228616479031
-0.0009360479788672109
-0.0012228149569695067
-0.001135026413354368
-0.0008759356872174305
-0.00012830496922224663
0.0020256292018782755
0.002881145207302732
0.0031297971553411468
0.003917039385044882
0.0052529935875802744
0.004764244064326609
0.0046426673453540315
0.004629807171296515
0.005828200897435194
0.004857091256209435
0.0026698369900406164
-0.0008468288032303577
-0.0013306142396121575
-0.0012924448238689635
-0.0008693238456594995
0.0019169705592228155
0.003330636464205801
0.0012837265209236614
-0.00029148416577750544
-0.0014378474696453327
-0.0017754778969870139
-0.0008175523797290382
-0.0002697623026707835
0.002330531308662174
0.0037676600032335726
0.0006152744856796113
-0.0011256278154745255
-0.001064510331844339
0.0034554006189780133
0.00046371804291596327
0.001193349141466103
0.0006797896683914089
0.0002111546100696757
0.00017851038170542323
0.0001688730260646016
-8.049710783912097e-05
-0.0004358743230309604
-0.001663164962069261
-0.0010588508430848294
-0.0003801687335471918
-0.0001383720602912156
-5.024081197100225e-05
-1.4900662656383385e-05
2.815571651287242e-06
0.00036154300782666085
0.00026988741950379586
0.00021627084644864594
-0.000870503350114883
-0.0007987299925912157
0.0015690383380864853
-0.0004326003143261256
-0.001468770113012795
-0.0015584707529377416
-0.0007124361016396092
0.0007672529487684936
-0.0006167055338549574
0.00010543906367242915
0.0010094432020555757
0.0007713160207759638
0.0013559593988978279
0.0014010022390011428
0.0012049582330971615
0.0004592746431018845
-0.0016199600799007875
0.0006006962329292072
0.0010340653232069098
0.0009338462276018076
0.0006649583334100586
0.0006891976627396999
9.922641075284092e-05
-0.00026549959861895154
-5.150231461579878e-05
-0.0011116767144990008
-0.0008217650623868111
0.0007217479793497082
-0.0003125971235583988
-0.0002554301898383101
0.00012555628384091123
0.00021901282807486433
0.00024530227833724207
-0.0007377682288117459
-0.00016677070408721868
8.942411258457295e-05
-3.932453342827124e-05
0.00018602930447097867
-0.0001912491234222231
-2.667227301160462e-05
-0.0016017796793395048
-0.0001897786625769891
2.2485413819776168e-05
0.00023615358574047957
0.0003840394838759157
0.0005524904426993001
-0.0025224212959836312
0.0003011311964772011
0.00011588467538581805
-2.2016886240053614e-05
4.579474155026702e-05
-0.0008079666786476466
-0.00021405629252037222
-6.083300340261284e-05
-1.2367170662855332e-05
7.94547900662423e-05
-0.00019662414520880552
-9.161815078293504e-05
-0.00011968873385377364
-2.6632596609399384e-05
-0.000326905590483405
-7.463478705718157e-05
-2.3101309774708754e-05
-0.00045991261885466953
-0.0001213745272846585
-0.00012169356085491382
-2.7650026659015353e-06
-0.0002481958522370962
-0.00013474058815064424
-0.00017637679427334
-0.0002794665029715586
-0.00019393625588565695
-0.00015061544214975512
-0.00012711129648073922
-0.0001229698431500953
-0.0002575201461301856
-0.0001780816827699204
-0.00015898864397807046
-0.00013292547829579053
-0.0002629038416710422
-0.00016323114237824758
-0.00013102486850708318
-0.00015262123211913376
-0.00017518661733943828
-0.0001586235470842673
-0.0001455329718671626
-0.00015966263026776778
-0.00014044578167101175
-0.0006973311658709815
-0.00015518138779613765
-0.00012116463906046172
-0.00013984185004891364
-9.374548578789874e-05
-0.00015416507027406605
-0.0001031922652739959
-0.00012079534138153655
-0.00023039129089614315
-9.208921337617284e-05
-9.010996914421085e-05
-9.001192007973769e-05
-8.976447580787861e-05
-8.943799295508654e-05
-9.94120652263688e-05
-7.504340837939202e-05
-8.674124238616512e-05
-9.738283984288447e-05
-9.630548540451352e-05
-8.315175639567014e-05
-0.00010474509440954218
-7.426392037249124e-05
-9.262023104276901e-05
-6.133682266993276e-05
-8.810432343287843e-05
-9.565535751909661e-05
-6.842341609733983e-05
-7.609936573472261e-05
-8.234667602578574e-05
-8.5245443294821e-05
-5.572967854925212e-05
-5.7482085051830456e-05
-5.4465320503606024e-05
1.0478176642332914e-05
5.419573647368657e-05
6.536646273539916e-05
0.0002636147441223266
0.0004454217022286294
0.0011533104920168945
0.000603317170618465
0.0001981197169498582
4.961645937753305e-06
-7.549580177261059e-05
-8.984183470316017e-05
-0.00010570521632941658
-0.0001276748717842873
-0.00011244918085436764
-0.00013023781865388427
-0.00012188972598856687
-0.00013744953088903186
-0.0001410309058366988
-0.00014277145088843591
-0.00012374755425491923
-0.0001245355711964918
-0.0001591181133665194
-0.00014801060062588343
-0.0001602314779288187
-2.7899129772416725e-05
-0.00014815601371896797
-0.0001347837790865252
-0.00016085761363359932
-0.0001253909486433572
-0.00014735633834829086
-0.0001599046201242346
-0.00013212466194749198
-0.0001460557051777735
-0.00010547872515343029
-0.00013022256489739214
-9.251251508537667e-05
-0.00014104410906343808
5.477179121486105e-05
-0.0001397088578630302
-0.00015660865127141305
-0.00015232184417007493
-0.00015111778217381745
-0.00015322314692813892
-0.00011537664656066806
-0.00012344864948244622
-0.0001478689655502188
-0.00014075697553844375
2.525115402214099e-05
-0.00013164369737165665
-0.000150357619588167
-0.0001458246353680827
-0.00014364776857795348
4.0638892671469105e-05
-0.000130258515984117
1.0815985507076958e-05
-0.00010149510482323006
-0.00011799460940015566
-3.651608922519012e-06
-0.00013828632665078723
-0.00013620669793584992
-0.00011076912474612705
3.6695364485446274e-05
4.8324445020741476e-05
-0.00013273094542639967
-0.0001310819734317747
3.8883281024352186e-05
-0.00010387652883163146
3.6881013959944144e-05
-0.00012785876945366185
5.4160232547298316e-05
-0.00012666121759039836
5.6258649923269454e-05
-0.00012304042208276383
1.1721670664653626e-05
