0.0022665910011441777
0.0017272476833818742
0.0023164011993997906
0.004044102741637512
0.003543300728006708
0.011054260913952276
0.0031452949220419192
0.009434917361756332
0.012670352725022427
0.009349210187288967
0.011651183148851104
0.011192273515265944
0.014465900568868734
0.011238008385028052
0.013085195225691579
0.011091764472579403
0.014981074669877355
0.01159067189726316
0.011324734994405273
0.009127245998805485
0.004658914205997946
0.010786151524193762
0.015752402785818957
0.0005805253032061586
0.007563161045924337
0.012006269752549922
0.011904849418663085
0.010639007601270114
0.012116477520251285
0.010831418343916595
0.01570198559496238
0.010871545354283713
0.012155460433113803
0.009051511444837524
0.005762902648066429
0.00725893642549428
0.009945614568765162
0.011403738719583218
0.010107196743944545
0.010632119795197549
0.014799790261841434
0.007899715144376877
0.013485757497415443
0.010019828917281133
0.010781785379401007
0.006291540395349385
0.012731364931933942
0.01134448286612393
0.009558544479023195
0.009899982598406703
0.009395406640452512
0.011216383974284828
0.012541394181999267
0.01204439193737558
0.010844998767352431
0.0070127974950167935
0.011450028318864953
0.008295397392385323
0.012040763702882892
0.012307327333451324
0.011561250780895595
0.00326979545709595
0.00962397229840101
0.012950186088216799
0.010128112801240473
0.009731110546305089
0.008872161923870152
0.010406343679984912
0.010111009375034353
0.01169815337927858
0.010819086679695354
0.008452178137156336
0.010694964106597956
0.011018094054078645
0.00842946358425699
0.007047868231516998
0.008478658727450364
0.007359703295168959
0.010898808395555185
0.005677397595486783
0.0110368825024971
0.004106645776979231
0.007170738873159938
0.010421564730559798
0.011203490917328541
0.01146112893370364
0.008502335303148029
0.011685856997701286
0.008458183750106998
0.0053727821091361806
0.006833914483402489
0.009758500643841815
0.0036271621881222
0.004156563858182491
0.004484313822582728
0.007458933488333634
0.002581142586957974
0.004320420494680375
0.003949582986428735
0.0078707904967306
0.012245056274869522
0.007708374953036405
0.001316628232256142
0.004185912145263021
0.00692702617397258
0.007549647200293097
0.008318518757682577
0.008124661448939023
0.0038201419167855186
0.002414500745162917
0.007250802360042102
0.00792207475309893
0.008797891035840213
0.006374516249601266
0.00820900285845772
-0.000607256104710135
0.0003980066440507773
0.005679752781143899
0.0022577189226923363
0.0017568384922412102
0.0009873783310524248
-1.2039121904213924e-05
0.00027893049203711666
-0.0001444482334957604
-0.00011807569591948032
3.305279216218734e-05
-0.00010190555037149291
0.00034151260016431097
-0.00011520498416718929
-9.587484359016931e-05
-8.16394928507783e-05
1.3657820853918318e-05
3.7655198759415594e-05
-3.1027880899285544e-06
-2.3277448934117018e-05
-6.193983381398948e-05
-9.94161661818586e-05
-5.298043630443162e-05
-1.506835117853186e-05
2.1491648354111364e-05
0.004621863909892475
0.0017820266931181175
0.005891405804970795
0.01083940657539668
0.0125390061909551
0.01127017891590344
0.011132619039380487
0.009671571985087083
0.009907872990543225
0.010737782842733034
0.009611247774335278
0.012491753119018402
0.008208632111559916
0.010398820044364552
0.00899953720276544
0.008678609165164457
0.009781962206911068
0.008448805112504027
0.006731430349638661
0.010150393911944687
0.0088011677924492
0.008102696850049346
0.012198968889105094
0.008471083986152156
0.005791788654212683
0.00631744084340987
0.007474801520023416
0.008801951909126698
0.011212361686781285
0.012483962707506202
0.009437028868583358
0.009810533172659106
0.011227005790644382
0.0099570611623209
0.01068362004043426
0.010751276201277015
0.006923241443973973
0.009587163938430576
0.008936170441874466
0.010223567314671916
0.0063248061119372066
0.010594556848829036
0.009554181337576918
0.0076319326799153325
0.01057291822576083
0.012744831950140856
0.010191294065372334
0.012293996461029844
0.007272744652473803
0.008232590756358783
0.005917675182846814
0.004886581536114976
0.011787127575480448
0.0072940506207076865
0.00785026243179011
0.007341241141160101
0.008272889532784366
0.009625766913931234
0.005403403207678364
0.008117298486446696
0.011766619682197435
0.004628239539193542
0.008447894623342708
0.010265226040303823
0.00650445410783039
0.00749041351759308
0.009959705643295558
0.008652087124481518
0.008025885560275853
0.010159829906003302
0.010762570029788983
0.004483707539145933
0.0006575864988656121
0.011468415705794252
-7.925927959503915e-05
0.006539279258616883
0.0005813837457481216
0.0025250349212287775
0.009183427098676082
0.008253412555547216
0.007722387346494756
0.005398140572283361
0.008206062292871375
0.006907383047314245
0.0061295157616244
0.00468038572787707
0.0052999271743568435
0.004672265799371936
0.008318294075175287
0.007604272089151405
0.008460518504620885
0.0073105139401425465
0.008865316891794494
0.008629025071027072
0.010037376303116536
0.010620799776775814
0.008639631831339799
0.007999147316407967
0.008835593063571373
0.008311717959277733
0.005483046909944428
0.007728238284651818
0.010522761087972662
0.01153379318189027
0.009904255691682717
0.010111934863163707
0.012168132457915568
0.005564840476798605
0.008225993024700885
0.009912392515138433
0.006886073558329303
0.010374794800088464
0.008453615420519893
0.007745105354260163
0.008982639826627758
0.007951653407294916
0.0033727497919085812
0.005840450405239688
0.005375512737854142
0.004256312499036677
0.01002904540422416
0.003340864023820866
0.007043441036692905
0.003923988901317481
0.0032298938298077804
0.005590399816305744
0.0018220547027250923
0.004100362190448035
0.00925589923268687
0.0036817005927715497
0.0039622535326782875
0.005672972178966654
0.007891398597025893
0.0022927815587042177
0.008216210297651431
0.00764577944404843
0.0007090444795903057
0.007472878556214981
0.0026856404121585954
0.006639821050156672
0.006547737654316194
0.007576149203088019
0.006917322844028837
0.0055307190613947
0.0067258977682537946
0.007412741881672611
0.008177445826128877
0.010431862359624787
0.0070520607904050025
0.012154102391252074
0.011469799036925077
0.008427786568181453
0.009437434663607296
0.011279851627301761
0.004158890561669303
0.0036834111200606287
0.011610870024294133
0.004515618361449166
0.004432216525717064
0.005333134730525034
0.0032816683608118415
0.0024414984321970705
0.0012462771110789475
0.0002620245972629222
0.003845128308208327
0.007367333998097462
0.004366208365390496
0.006741149488085151
0.007643253814500608
0.00954044731249033
0.00880138143040931
0.010269338290892436
0.007511509838224902
0.005936031785931325
0.008341792868257087
0.00867264587236172
0.00818909035028577
0.00746275579995152
0.006993121086442573
0.004357819628373284
0.002232024367656858
-0.0006358368982276625
-0.002127779784564642
0.00026871624472573475
0.003637788327296789
0.0066620663981467425
0.008994251824487766
0.011715481745709242
0.011393427730592657
0.008511567761004701
0.005191562005782278
0.003116210078935822
0.0024527857431461226
0.0021482002009519142
0.001077053734214803
0.0009806170645785405
0.0005409534416063179
0.0007027416220294516
0.0004060555304381254
0.00033487477505795974
0.0003376189345988008
0.0003346580973874952
0.00023623020944776735
0.00033715797629710396
0.0001829321921233111
0.00013366217594779685
8.521545876765347e-05
9.770119858459539e-05
9.524756587166693e-05
9.90348063761381e-05
0.00010617326844686767
0.00010774326216868782
0.0001047797179386507
0.00011196216989931155
4.158116668628645e-05
8.088310992359198e-05
8.02528586187453e-05
8.396484321315064e-05
8.310653246009338e-05
0.0005045300481507782
0.0007822493673618735
0.0009378883958346323
0.000969626693794336
0.001025152828626748
0.0009242706282827306
0.0004962440657118925
0.001456402978010914
0.0020229605372335505
0.0018804589877652507
0.0016239749318024534
0.002053506344198943
0.002032585711810573
0.0017658538271958183
0.0011882581840352993
0.0008086786890027396
0.00041620502156718223
6.635367351107042e-05
5.745437944622847e-05
4.561860241687619e-05
3.692934105785112e-05
2.8875274186527612e-05
2.5362794959134865e-05
2.5198254331054177e-05
0.00015635640078945262
3.208142167821279e-05
1.2897227303616391e-05
2.195271992721649e-05
3.451100216244899e-05
3.923176761038903e-05
0.00020713086075030746
0.00036494642634696836
0.0012666823392867956
0.0028867406379153473
0.004229942159229798
0.0056775465026449815
0.007918574180840724
0.007376772367883839
0.007105851263276465
0.007084963855549338
0.006178697188882057
0.007074810938571371
0.006487089379583682
0.006499396643493371
0.007165111242943887
0.006404358541049393
0.0040783366036478376
0.0002463118818193733
-0.0005454599907701753
0.004506882336248651
0.0060022812799446585
0.003614253907054859
0.0021232967600190973
0.0023279484515421477
0.0009580687325320613
-0.00012075230387763138
0.00024321113779109541
0.00036708622168513664
7.420542381054533e-05
-4.740432162180944e-05
-0.0010811997544946084
-0.00015751326739987603
-1.8831173838992053e-05
-7.171125951530167e-06
9.5137834619761e-05
-0.0005182816341525837
0.00010190745523800572
-0.00032308829865878094
-0.0017935363588248115
-0.0005377959976317175
-0.00021608763329506998
-3.6245622087033466e-05
-6.059840437930764e-05
-0.0009999088341900043
-0.00012195526695845872
-2.133952310566673e-05
7.031060730608038e-05
-0.0013717270744711657
-6.361383788352588e-05
2.2306826210174925e-05
-0.00022752042969823144
0.00012117139304226647
-0.0001474100970589924
3.89865090012336e-05
0.00010583973043440586
9.939365679278744e-05
9.338895844403225e-05
8.845977960820949e-05
8.306132948813983e-05
7.9032944546991e-05
7.499599596391751e-05
7.088109871940264e-05
6.837039910151618e-05
6.472518122076372e-05
6.189378179492154e-05
6.295984115655625e-05
6.466379349612426e-05
6.909113471662211e-05
8.038144629259445e-05
0.000110602110198395
0.00024557060870609456
2.2694137964696806e-05
1.2680983080527778e-05
1.1362580267022773e-05
1.3373010143952022e-05
1.438279962279478e-05
1.2383321153144888e-05
2.183393268052696e-05
2.397170932699288e-05
2.7249002618658853e-05
3.0271348227990635e-05
3.3341919312768365e-05
3.954529146232167e-05
4.07206302948977e-05
4.3341094028586137e-05
4.996211397707866e-05
4.895938076133991e-05
5.314112703567265e-05
6.0258684791361994e-05
6.0918159510046815e-05
4.9206570897473124e-05
4.9921016929464e-05
5.382270066175583e-05
3.857213186419106e-05
3.866207652929573e-05
4.078058029909633e-05
2.1403564323428304e-05
2.3917476317841355e-05
2.4443884801410927e-05
2.420227730816881e-05
5.517607311627397e-06
4.661110811780036e-06
1.772111140836898e-06
1.8898281235599656e-06
5.325504031987869e-06
6.151635081910454e-06
6.139298444704724e-06
6.241095622724073e-06
1.8550295904548571e-06
5.730200153766061e-06
1.612830475467676e-05
1.3210516225958506e-05
1.7898818413190058e-06
-1.1438839755055404e-08
1.0209459617186875e-05
5.647935395427268e-06
8.203755378904581e-06
-2.658062024102761e-07
1.3532758251929064e-06
1.97859142575656e-06
1.6423207670611222e-05
1.8656062422607226e-05
3.934021860081066e-05
3.391367378741581e-05
2.9267336312651176e-05
2.4371333515690343e-05
2.1973276423445228e-05
6.3252731812298215e-06
4.4878121039957686e-06
4.526990235835135e-06
6.649313287816887e-06
6.479312846440361e-06
9.314715010877511e-06
4.922155762775049e-06
7.174545185290986e-06
6.480594323126933e-06
2.1447660741153807e-05
2.5290215214506915e-05
2.9919841951440017e-05
3.238998289510139e-05
4.028728771454868e-06
8.36688749691883e-06
4.268998918861596e-06
6.2830829033697785e-06
8.513755779152515e-06
7.289473069368807e-06
6.951238202184285e-06
6.000178564377578e-06
7.166103774677909e-06
7.20416619504077e-06
3.420599747628315e-05
3.275925161112039e-05
2.987186967291724e-05
2.738466726297204e-05
3.7421626377018165e-05
3.31774479839185e-05
2.7972826431412337e-05
2.455173018244897e-05
2.10056723339323e-05
1.694201813882658e-05
1.4494456622599863e-05
9.883589651040694e-06
7.929395041105845e-06
5.956482929963888e-06
9.295738995327346e-06
9.078565750188524e-06
6.133369384742117e-06
8.046546024974122e-06
8.955593346694584e-06
1.1468523274728907e-05
1.1867789568563586e-05
1.69094509992354e-05
1.839276135544966e-05
2.284061041680903e-05
2.6652760500151302e-05
2.8502247589040178e-05
3.149276379727488e-05
2.124104285690129e-05
2.31267858629462e-05
2.4823408907082368e-05
1.0073273430995915e-05
6.0906308189135085e-06
8.64501636232611e-06
7.266475479444156e-06
1.0078666373970702e-05
1.1354972644818174e-05
7.164605380767412e-06
8.426706474006623e-06
9.9737746981724e-06
9.933336753598219e-06
1.1290272213715042e-05
9.820038819891397e-06
1.8152953306501232e-05
1.3344895964322307e-05
1.1331443733490917e-05
8.676371003270609e-06
-7.270712854115635e-06
-6.087245423677781e-06
1.5138314901799335e-05
9.368503487880146e-06
8.651362382551735e-06
1.1798568065038615e-05
7.755435701693943e-06
8.924344263190107e-06
1.211357301317654e-05
-2.1071341647120895e-05
-1.8596607342343172e-05
-1.4078872965762523e-05
-9.718051332895572e-06
8.207114497493661e-06
9.387023861369171e-06
1.188007813069706e-05
1.9445462126147466e-05
-2.6559612666763176e-05
-2.8737830359280134e-05
-3.1393701583190716e-05
-1.8576439876068024e-05
1.0546419859529743e-05
1.039639532398489e-05
7.4631409852184e-06
1.0370553180807687e-05
5.190464661186531e-06
6.825146775688539e-06
3.936181158797613e-06
7.712571853362396e-06
-4.383998440532643e-05
-3.7532460169924544e-05
-3.4967903629495116e-05
4.465190388290281e-06
5.899025537265954e-06
4.491699508199637e-06
1.149815842754753e-05
2.1378941481286846e-05
-4.573185344655887e-05
-1.8507075644323055e-06
3.988617561775248e-06
3.363484278471357e-06
3.971074171067857e-06
8.229070046758352e-06
1.3079414977880668e-05
2.972832300460244e-05
-0.00020969511516004941
-7.774692928221739e-05
-6.652530623088718e-05
4.0706662676776706e-05
-4.057274506771225e-05
-1.2420423510487518e-05
-0.00024961831291684625
-6.763926114635624e-05
-6.173804800300227e-05
-2.70644482417484e-05
6.885180953996079e-06
-7.57751998403802e-05
-5.6243374587785896e-05
-4.467383036554636e-05
-0.00017660831058874288
-3.399473255704683e-05
-2.0684792579509317e-07
-2.546729685681507e-05
-2.3059422214141037e-05
-2.9881589235629457e-05
-3.1405404476441715e-05
-3.434253369107131e-05
-4.021937969834956e-05
-3.969121893782318e-05
-4.630169755154893e-05
-4.939409517382366e-05
-4.444854441876721e-05
-4.540677544421567e-05
-4.574069004153603e-05
-5.073488163897087e-05
-4.322055136989973e-05
-4.680848604038414e-05
3.702083698279821e-05
-1.9993303819943355e-05
5.181717667863737e-05
-1.7073459073546078e-05
8.14027283816847e-05
7.005306642383875e-05
9.9734974907205e-05
0.0001410377799660052
0.0002010387445830864
0.00029740342122944825
-0.00010278102061825628
-0.0014243434622636655
-0.0008879008213239633
-0.0005989787492461446
-0.00045940009016366966
-0.00037929717177807675
-0.0003280977555226388
-0.00029284435068496127
-0.0002672182831114677
-0.0002478132363730622
-0.00023263013464818727
-0.00022045109311969116
-0.0002104481640546907
-0.00020209855799718874
-0.00019499939333407972
-0.00018889184626178832
-0.00018358201600419532
-0.00016438880315750482
-0.00017475501688740344
-0.00017104643919045348
-0.0001814633254181363
-0.00016469653886337692
-0.00015507746017560793
-0.00015945622937431873
-0.00015717090815295837
-0.00015508084606871637
-0.00011667624313304609
0.0007353928423983322
0.0016051848924888569
0.0012490048593018102
0.0021489378887561716
0.0032361264556707847
0.001073271415902033
0.0015290761758190157
0.004143480989728653
0.0036310453180399237
0.00013151412653949682
0.0003522450277656584
0.0017414719689064825
0.004039158156454512
0.004423596436890024
0.00019274511447334568
-0.0003068083629706716
0.00034936616730272846
0.00061681746151021
0.0019128167873644262
0.005001998831291562
0.0051912359040123
-0.00041546476810314017
-0.0005204979027211785
-0.0005582413080641543
-0.0005637191973643251
-0.000519669403518474
-0.0004616613755191053
0.0005770961356950312
0.004244176243277308
0.006357328643859371
0.0028298554235945635
4.306251414069117e-06
-0.00033385277522958993
-0.0005345499784181953
-0.0007570209246234762
-0.0008667984424512221
-0.0008564454259502121
-0.0007647921736599896
-0.0006559778316794446
-0.0005603912773743752
-0.00026356014202574596
0.003854140437990445
0.005603663440564134
0.002844993891722169
0.003209510840294851
0.0038891732355503914
0.0045679688219479805
0.006661132499116995
0.005023770972330156
0.0037707550633210934
0.002402792444526134
0.0014825826646867228
0.00044009948186244735
-0.0003408228616479031
-0.0009360479788672109
-0.0012228149569695067
-0.001135026413354368
-0.0008759356872174305
-0.00012830496922224663
0.0020256292018782755
0.002881145207302732
0.0031297971553411468
0.003917039385044882
0.0052529935875802744
0.004764244064326609
0.0046426673453540315
0.004629807171296515
0.005828200897435194
0.004857091256209435
0.0028311853124654853
-0.0008468288032303577
-0.0013306142396121575
-0.0012924448238689635
-0.0008693238456594995
0.002035349985840943
0.003330636464205801
0.0012837265209236614
-0.0003113134869158234
-0.0014378474696453327
-0.0017754778969870139
-0.0007154243461486128
-0.0002697623026707835
0.002330531308662174
0.0037676600032335726
0.0006506496654973866
-0.0011256278154745255
-0.001064510331844339
0.0034554006189780133
0.00043399484619889946
0.001193349141466103
0.0006797896683914089
0.0002111546100696757
0.00017851038170542323
0.0001688730260644591
-6.692490191694469e-05
-0.0004358743230309604
-0.001663164962069261
-0.0010588508430848294
-0.0003801687335471918
-0.0001383720602912156
-5.197769763629741e-05
-1.0859819785148511e-05
1.0527003517672388e-05
0.00036154300782666085
0.00026988741950379586
0.00021627084644864594
-0.000870503350114883
-0.0007987299925912157
0.0015690383380864853
-0.0004326003143261256
-0.001468770113012795
-0.0015584707529377416
-0.0007124361016396092
0.0007241987695794228
-0.0006167055338549574
0.00010543906367242915
0.0010094432020555757
0.0007713160207759638
0.0013559593988978279
0.0014010022390011428
0.0012049582330971615
0.0010172558571682909
-0.0016199600799007875
0.0006371872973883488
0.0010340653232069098
0.0009338462276018076
0.0006649583334100586
0.0006891976627396999
0.00012042282460368681
-0.00026549959861895154
-5.7908399437337314e-05
-0.0011116767144990008
-0.0008217650623868111
0.0007217479793497082
-0.00026814175485742733
-0.0002554301898383101
0.00012555628384091123
0.00021901282807486433
0.00024530227833724207
-0.0007377682288117459
-0.00016677070408721868
8.460355665760115e-05
-3.932453342827124e-05
0.00018602930447097867
-0.00017310240027952313
-2.2714527682895846e-05
-0.0016017796793395048
-0.0001897786625769891
3.6417827893906296e-05
0.00023615358574047957
0.0003840394838759157
0.0005524904426993001
-0.0025224212959836312
0.0003011311964772011
0.0001224376887776357
-3.018376084491734e-05
5.295922078969636e-05
-0.0008079666786476466
-0.00021405629252037222
-5.3477281435439484e-05
-1.2367170662855332e-05
0.00022466622082712427
-0.00019662414520880552
-8.76435041428918e-05
-0.00011968873385377364
-3.284800306791732e-05
-0.000326905590483405
-6.576386708863738e-05
-2.3101309774708754e-05
-0.00045991261885466953
-0.00014717701472608783
-0.00013086179003380521
-2.7650026659015353e-06
-0.0002481958522370962
-0.00012516543953195675
-0.00015877361189237953
-0.0002794665029715586
-0.00019393625588565695
-0.00014000180509340866
-0.00012711129648073922
-0.00011104227664369811
-0.0002575201461301856
-0.0001780816827699204
-0.0001382828718282509
-0.00013292547829579053
-0.0002629038416710422
-0.00016323114237824758
-0.00013102486850708318
-0.00016264696531017258
-0.00017518661733943828
-0.0001586235470842673
-0.00012314891283966012
-0.00017019270379873828
-0.0001301797745607757
-0.0006973311658709815
-0.0001438107740175953
-0.00010847409493806656
-0.0001613620071671498
-7.690810134766823e-05
-0.00015416507027406605
-0.00011621106693795757
-0.00012079534138153655
-0.00023039129089614315
-0.00011940491559090795
-9.010996914421085e-05
-7.032272429566684e-05
-8.976447580787861e-05
-7.686997772974748e-05
-7.556469658839631e-05
-9.894361234994385e-05
-8.674124238616512e-05
-9.738283984288447e-05
-6.453384298698912e-05
-7.04427044787508e-05
-9.436841759787608e-05
-8.174468372639645e-05
-8.044609932819759e-05
-9.018030578809816e-05
-8.810432343287843e-05
-7.200215607328965e-05
-8.096440060286359e-05
-3.036747719180906e-05
-5.80903457668769e-05
-8.5245443294821e-05
-6.753023273864917e-05
-5.7482085051830456e-05
-4.343896186169026e-05
-2.4053623017324662e-05
0.00024145124593972107
0.000244842185843184
0.0002636147441223266
0.0004454217022286294
0.0011533104920168945
0.000603317170618465
0.00017139902657527397
0.00015162876170920315
-4.213396143870232e-05
-8.984183470316017e-05
1.7024463455743514e-05
-0.00010454516700051224
-0.00011244918085436764
-0.00013023781865388427
-0.0001341749483377853
3.3158540397564415e-05
-0.00013384153816966803
-2.880960813056802e-05
-0.0001317495625761655
-0.0001454615976778768
-0.00014720020880407342
-0.00012650142537274636
-0.00014814295642760907
-0.00013485277678850166
-0.00013469392507519035
-0.0001347837790865252
-0.00014826141061941633
-0.00016057627635612123
-0.00013342499287252022
-0.00014708287192009503
-0.00014633765391977352
-0.0001460557051777735
-0.00013087471776512412
-0.00013022256489739214
-0.00014448432520773044
-0.00012609303209799465
7.278227103215716e-05
-0.0001397088578630302
-0.00015660865127141305
-0.00012345848279410668
-0.00015921976203115532
-0.00011506921287513609
-3.061884169175057e-05
-0.00013807717013853159
-0.00013416112058042565
-0.00014075697553844375
-0.00013502577153523798
-0.00013164369737165665
-0.00011295526450149801
-0.0001322424543174416
-0.00014364776857795348
-9.519732466943561e-05
-0.000130258515984117
-0.00012844663738794567
-0.00011659101667560067
-3.514331059281379e-05
-0.00014008583327304404
-0.00012464575237383817
5.368202462031948e-05
-0.0001345535098132195
-9.540283546563811e-05
1.037434213826678e-05
-0.00011927201980485646
-0.00011757425977012826
-0.00012981851350543787
5.411502088740576e-05
-0.00013051463153969581
-0.00012785876945366185
-0.00010203769162000202
-3.426722925474303e-05
4.303738941666264e-05
1.0040274988385282e-05
5.786501693283894e-05
