0.0020861544939109883
0.0015444416403206922
0.0027592591267853648
0.0031015060451826913
0.0037228965486842697
0.011054260913952276
0.0031452949220419192
0.009434917361756374
0.012670352725022385
0.009349210187288967
0.011651183148851104
0.011192273515265944
0.014465900568868734
0.011238008385028052
0.013085195225691579
0.011091764472579403
0.014981074669877397
0.01159067189726316
0.011324734994405273
0.009127245998805527
0.004658914205997946
0.010786151524193762
0.015752402785818957
0.0005805253032061586
0.007563161045924337
0.012006269752549922
0.011904849418663085
0.010639007601270114
0.012116477520251285
0.010831418343916595
0.01570198559496238
0.010871545354283755
0.012155460433113803
0.009051511444837524
0.005762902648066429
0.00725893642549428
0.009945614568765162
0.011403738719583176
0.010107196743944545
0.010632119795197634
0.014799790261841434
0.007899715144376877
0.013485757497415402
0.010019828917281174
0.010781785379401007
0.0062915403953493435
0.012731364931933942
0.011344482866123972
0.009558544479023195
0.009899982598406703
0.009395406640452512
0.011216383974284828
0.012541394181999184
0.01204439193737558
0.010844998767352431
0.0070127974950167935
0.011450028318864953
0.008295397392385323
0.012040763702882892
0.012307327333451324
0.011561250780895595
0.00326979545709595
0.00962397229840101
0.01295018608821684
0.010128112801240473
0.009731110546305089
0.008872161923870152
0.010406343679984912
0.010111009375034353
0.01169815337927858
0.010819086679695354
0.008452178137156336
0.010694964106597956
0.011018094054078645
0.00842946358425699
0.007047868231516998
0.008478658727450364
0.007359703295168875
0.010898808395555185
0.005677397595486783
0.0110368825024971
0.00426849377580022
0.007259580193721641
0.010421564730559798
0.011203490917328624
0.01146112893370364
0.008502335303148029
0.011685856997701327
0.008458183750106998
0.0053727821091361806
0.006833914483402489
0.009758500643841815
0.003627162188122116
0.004156563858182491
0.004484313822582728
0.007458933488333634
0.002581142586957974
0.0043204204946803325
0.0038759367123550334
0.0078707904967306
0.012245056274869522
0.007708374953036405
0.001316628232256184
0.004185912145263021
0.00692702617397258
0.007549647200293097
0.008318518757682577
0.008429347816683789
0.004065093169450476
0.0024145007451628338
0.007250802360042102
0.007922074753098847
0.008797891035840213
0.006374516249601266
0.00820900285845772
-0.000607256104710135
0.0003980066440507773
0.005679752781143899
0.0022577189226923363
0.0017568384922412102
0.0009873783310523831
-1.3418306463602758e-05
0.00027893049203711666
-0.00016052466429801633
-0.00010365409150036576
3.305279216218734e-05
-0.00010190555037149291
0.00034151260016431097
-0.00011520498416723098
-9.587484359016931e-05
-8.16394928507783e-05
-8.000166552545637e-05
6.948332477846162e-05
1.870650449166338e-05
-2.0714389414464672e-05
-6.806394162653185e-05
-9.94161661818586e-05
-5.298043630443162e-05
-1.1772325942220291e-05
2.350311709323502e-05
0.004621863909892475
0.0017820266931181175
0.005891405804970795
0.01083940657539668
0.0125390061909551
0.01127017891590344
0.011132619039380487
0.009671571985087083
0.009907872990543225
0.010737782842733034
0.009611247774335278
0.012491753119018402
0.008208632111559916
0.010398820044364552
0.00899953720276544
0.008678609165164457
0.009781962206911068
0.008448805112503985
0.006731430349638578
0.010150393911944687
0.0088011677924492
0.008102696850049346
0.012198968889105094
0.008471083986152156
0.005791788654212683
0.00631744084340987
0.007474801520023416
0.008801951909126698
0.011212361686781285
0.012483962707506202
0.009437028868583316
0.009810533172659106
0.011227005790644382
0.0099570611623209
0.01068362004043426
0.010751276201277058
0.006923241443974015
0.009587163938430576
0.008936170441874466
0.010223567314671916
0.0063248061119372066
0.010594556848829036
0.009554181337576918
0.0076319326799153325
0.01057291822576083
0.012744831950140856
0.010191294065372334
0.012293996461029844
0.007272744652473803
0.008232590756358783
0.005917675182846814
0.004886581536114976
0.011787127575480448
0.0072940506207076865
0.00785026243179011
0.007341241141160101
0.008272889532784366
0.009625766913931234
0.005403403207678364
0.008117298486446696
0.011766619682197435
0.004628239539193542
0.008447894623342708
0.010265226040303823
0.00650445410783039
0.00749041351759308
0.0099597056432956
0.008652087124481518
0.008025885560275853
0.010159829906003302
0.010762570029789024
0.004483707539145933
0.0007112697747047935
0.011468415705794252
-6.753274134163314e-05
0.006539279258616883
0.0005813837457481216
0.0025250349212287775
0.009183427098676082
0.008253412555547216
0.007722387346494756
0.005398140572283361
0.008206062292871375
0.006907383047314245
0.0061295157616244
0.00468038572787707
0.0052999271743568435
0.004672265799371936
0.008318294075175287
0.007604272089151405
0.008460518504620885
0.0073105139401425465
0.008865316891794494
0.008629025071027072
0.010037376303116536
0.010620799776775814
0.008639631831339799
0.007999147316407967
0.008835593063571373
0.008311717959277733
0.00548304690994447
0.007728238284651818
0.010522761087972662
0.01153379318189027
0.009904255691682717
0.010111934863163707
0.012168132457915568
0.005564840476798605
0.008225993024700885
0.009912392515138433
0.006886073558329303
0.010374794800088464
0.008453615420519893
0.007745105354260163
0.008982639826627758
0.007951653407294916
0.0033727497919085812
0.005840450405239688
0.005375512737854142
0.004256312499036677
0.01002904540422416
0.003340864023820866
0.007043441036692905
0.003923988901317398
0.0032298938298077804
0.005590399816305744
0.001785569648928357
0.004100362190448035
0.009255899232686828
0.0036817005927715497
0.0039622535326782875
0.005672972178966654
0.007891398597025893
0.0022927815587042177
0.008216210297651431
0.00764577944404843
0.000530107234127369
0.007472878556214939
0.0026856404121585954
0.006639821050156672
0.006547737654316194
0.007576149203088019
0.006917322844028837
0.0055307190613947
0.0067258977682537946
0.007412741881672611
0.008177445826128877
0.010431862359624787
0.0070520607904050025
0.012154102391252074
0.011469799036925077
0.008427786568181453
0.009437434663607296
0.011279851627301761
0.004158890561669303
0.0036834111200606708
0.011610870024294133
0.004515618361449166
0.004432216525717064
0.005333134730525034
0.0032816683608118415
0.0024414984321970705
0.0012462771110788224
0.0002620245972629222
0.003845128308208327
0.007367333998097462
0.004366208365390496
0.006741149488085151
0.007643253814500608
0.00954044731249033
0.00880138143040931
0.010269338290892436
0.007511509838224902
0.005936031785931325
0.008341792868257087
0.00867264587236172
0.008189090350285812
0.00746275579995152
0.006993121086442573
0.004357819628373326
0.0016466920427012381
-0.0006358368982276625
-0.002127779784564642
0.00026871624472573475
0.003637788327296789
0.0066620663981467425
0.008994251824487725
0.011715481745709242
0.011393427730592657
0.008511567761004616
0.005191562005782278
0.003116210078935822
0.0024527857431461226
0.0021482002009519142
0.001077053734214803
0.0009806170645785405
0.0005409534416063179
0.0007027416220294516
0.0004060555304381254
0.00033487477505795974
0.0003376189345988008
0.0003599848905052127
0.00023905455683039973
0.00033715797629710396
0.00018476754827793907
0.00013366217594779685
6.050355471176372e-05
9.308212164951524e-05
9.03812149354506e-05
7.409370450184222e-05
9.992950106098461e-05
9.146927860172149e-05
0.00010477971793852419
3.968787534739053e-05
3.3606345412336594e-05
3.809878402818451e-05
8.622889973542014e-05
8.386054092867982e-05
8.310653246009338e-05
0.0005045300481508202
0.0008315438163010365
0.0008962741749160182
0.0010416961454948845
0.0006411205208676472
0.0009281605395757657
0.0008389921915707332
0.001456402978010914
0.0020229605372335917
0.001879153153372333
0.0015417733662871607
0.001934580856964538
0.002032585711810573
0.001881851315251241
0.0011882581840352993
0.0008086786890027396
0.00041620502156718223
6.60053934770034e-05
4.3581776722306774e-05
4.561860241687619e-05
3.68798005706609e-05
2.8875274186527612e-05
2.5362794959134865e-05
8.946498304932809e-06
0.00015635640078945262
3.208142167829641e-05
1.1436629811367864e-05
2.8138576669953083e-05
3.3809801507554264e-05
4.0501077170462095e-05
0.00018402817771665008
0.00036494642634696836
0.0013332791736696856
0.002859814767014396
0.004222502764164408
0.005251586942110999
0.007918574180840724
0.007376772367883839
0.007105851263276465
0.007084963855549295
0.006178697188882057
0.007074810938571371
0.006487089379583682
0.006499396643493371
0.007165111242943887
0.00640435854104931
0.0040783366036478376
0.0003349559054337988
-0.0005454599907701753
0.004506882336248651
0.0060022812799446585
0.0036142539070548175
0.0021232967600190973
0.0023279484515421477
0.0009580687325320613
-0.00012075230387758957
0.00022257848263321057
0.00036708622168513664
7.420542381054533e-05
-4.740432162180944e-05
-0.0010811997544946084
-0.00015751326739987603
-2.5636901462412e-05
-7.171125951378575e-06
9.5137834619761e-05
-0.0005182816341525837
0.00010778507953441674
-0.00032308829865878094
-0.0017935363588248115
-0.0005377959976317175
-0.00021608763329515336
-3.6245622087033466e-05
-6.059840437930764e-05
-0.0009999088341900043
-0.00012195526695845872
-2.133952310566673e-05
7.031060730608038e-05
-0.0013717270744711657
-6.361383788352588e-05
2.4160940915307222e-05
-0.00022752042969823144
0.00012117139304226647
-0.0001474100970589924
3.994312323725051e-05
9.856348775239542e-05
9.939365679287107e-05
9.338895844403225e-05
8.845977960820949e-05
8.306132948813983e-05
7.9032944546991e-05
7.499599596391751e-05
7.088109871940264e-05
6.837039910151618e-05
6.472518122076372e-05
6.189378179492154e-05
6.295984115655625e-05
6.466379349612426e-05
6.909113471662211e-05
8.038144629259445e-05
0.000110602110198395
0.0002455706087060112
1.7527489132554687e-05
1.3805292780994189e-05
1.1722496237333733e-05
1.3560184707864301e-05
1.4245778504449643e-05
1.915984162783829e-05
2.089367312004715e-05
2.3971709326904845e-05
6.88284792734211e-06
3.2020485751644144e-05
3.3341919312768365e-05
3.954529146233938e-05
4.319878701919926e-05
4.6721347282593845e-05
4.996211397705648e-05
5.295653232927437e-05
5.633207183327412e-05
6.025868479142841e-05
6.0918159509958785e-05
4.920657089749273e-05
5.2681606371385475e-05
5.682015452390218e-05
3.6656676057809496e-05
4.072480204075238e-05
4.078058029909633e-05
2.1403564323428304e-05
2.272161789078298e-05
2.331836002536415e-05
2.5530970722587684e-05
4.762642208170423e-06
1.7685930463330913e-06
5.1017908961927364e-06
1.7298434804138394e-06
6.049038284492526e-06
1.7655312664126886e-06
1.7675391000552951e-06
6.241095622724073e-06
5.641763145249915e-06
6.362583489045375e-06
1.612830475467676e-05
1.3210516226085532e-05
1.7898818412054678e-06
-1.143883975487233e-08
9.329947927079464e-06
5.647935395427268e-06
9.777054150088755e-06
-2.6580620248606187e-07
1.3532758250037167e-06
2.0378622103946923e-06
1.5853978129036512e-05
1.8656062422607226e-05
1.5768968400832704e-05
3.3913673787503844e-05
2.926733631269519e-05
2.5430910211276412e-05
5.228408810344063e-06
4.823149111395332e-06
3.604876502385265e-06
4.526990235835135e-06
6.649313287816887e-06
4.671552020219305e-06
7.457349801037764e-06
7.93778611015411e-06
7.174545185290986e-06
1.6940629163988195e-05
2.2186369532215053e-05
2.5290215214416167e-05
2.907681923984395e-05
3.238998289510139e-05
7.291777103655542e-06
7.296425094575285e-06
6.899331268572356e-06
7.298968908820214e-06
8.513755779152515e-06
8.576948305913344e-06
8.60235679961771e-06
7.107567187173133e-06
2.925630227975144e-06
8.659680775290468e-06
3.521991825460548e-05
3.275925161112039e-05
2.987186967291724e-05
2.8224261325152476e-05
3.7421626377018165e-05
3.31774479839185e-05
2.6873546557800817e-05
2.5454666485723565e-05
2.10056723339323e-05
1.740068608835619e-05
1.3555274866944511e-05
9.883589651040694e-06
9.447791409768016e-06
8.226546115691191e-06
8.197597940217203e-06
7.96863176359328e-06
5.3898656841107355e-06
7.703840194014113e-06
9.805992728926053e-06
1.1468523274728907e-05
1.350045008776323e-05
1.791868054329475e-05
2.01607348650212e-05
2.262447848159821e-05
2.6652760500338378e-05
2.8502247589040178e-05
3.149276379727488e-05
2.1922893457757632e-05
2.3485477900786445e-05
2.57356397384304e-05
1.0073273431259402e-05
1.0072824691864062e-05
1.0088653994272271e-05
6.42248802014689e-06
8.398473163717485e-06
8.413340325109865e-06
1.1143720126199167e-05
6.727948982866297e-06
8.437197145266941e-06
6.946107426538693e-06
9.886982486699336e-06
9.820038820175713e-06
1.615515267294982e-05
1.3344895964322307e-05
1.0747237486473496e-05
8.676371003270609e-06
-7.270712854115635e-06
-1.0701053509646361e-05
1.5138314901875304e-05
9.368503487835941e-06
8.651362382426298e-06
1.1798568065190207e-05
1.0258499082338842e-05
8.92434426306927e-06
1.4845627831967492e-05
-2.316765620063017e-05
-1.1377709641199653e-05
-1.1405834430233714e-05
-8.87709809915669e-06
8.207114497553778e-06
9.387023861369171e-06
1.188007813069706e-05
1.89008723263651e-05
-2.6559612666763176e-05
-3.529560412017814e-05
-3.8592165481824775e-05
1.0876271436130341e-05
6.70348094564743e-06
7.067322366587473e-06
7.46314098509761e-06
1.0370553180678131e-05
2.5830879862499244e-06
6.825146775764335e-06
7.668635867226803e-06
7.712571853438192e-06
8.427907128526626e-06
-4.1892151920533457e-05
-2.3059643230223738e-05
4.465190388403975e-06
8.907119839583323e-06
1.1703217987467166e-05
1.149815842754753e-05
2.1378941481008122e-05
-4.573185344655887e-05
-1.8507075644323055e-06
1.9710033926135376e-06
-7.357782946015535e-08
1.0152530720011251e-06
8.229070046720454e-06
1.3079414977918566e-05
2.972832300460244e-05
-0.00020969511516004941
-4.6585842092855294e-05
-6.652530623088718e-05
3.961397717976125e-05
-2.9410640041738784e-05
-1.540785830144075e-05
-0.00024961831291684625
-5.934618772854696e-05
-5.703053470842604e-05
-2.4019413445499823e-05
-9.40958532984285e-06
-7.57751998403802e-05
-5.194636863808419e-05
-4.256579741972178e-05
-0.00017660831058874288
-3.436581054512803e-05
-1.6420648507171823e-06
-2.122461843777073e-05
-2.8075267277362773e-05
-2.9881589235629457e-05
-3.1405404476441715e-05
-3.818976105988789e-05
-3.5853810167387825e-05
-3.969121893782318e-05
-3.751799699702872e-05
-4.939409517374155e-05
-1.7984034041468476e-05
2.764261437567089e-05
-5.1925123032495895e-05
-4.4500144071300873e-05
-4.9379173208779624e-05
3.3624240165281524e-05
-4.268317314550561e-05
3.2833050510027613e-05
3.7196847261553316e-05
6.299007207216575e-05
8.577547766427796e-05
7.435895964819166e-05
9.9734974907205e-05
0.0001410377799660052
0.0002010387445830864
0.00029740342122944825
-8.580209025836857e-05
-0.0014243434622639164
-0.0008879008213239633
-0.0005989787492461446
-0.00045940009016366966
-0.00037929717177807675
-0.0003280977555226388
-0.00029284435068496127
-0.0002672182831114677
-0.0002478132363730622
-0.00023263013464818727
-0.00022045109311969116
-0.0002104481640546907
-0.00020209855799718874
-0.00019499939333403793
-0.00018889184626178832
-0.00018358201600419532
-0.00017890411529487003
-0.00017475501688740344
-0.00016404151128445132
-0.0001677088531026984
-0.0001646965388635021
-0.00016195448757435086
-0.00015945622937431873
-0.0001571709081530838
-0.00015508084606871637
-0.0001166762431330879
0.0007353928423983322
0.0016051848924888569
0.0012490048593018102
0.0021489378887561716
0.0032361264556708684
0.001073271415902033
0.0015290761758190157
0.004143480989728611
0.0036310453180399237
0.00013151412653949682
0.00037585406209430985
0.0017414719689064825
0.004039158156454512
0.004423596436889983
0.00017073757983443008
-0.0003068083629706716
0.00034936616730272846
0.00061681746151021
0.0019128167873643843
0.005001998831291562
0.0051912359040123
-0.00041546476810314017
-0.0005204979027211785
-0.0005582413080641543
-0.0005637191973642834
-0.000519669403518474
-0.0004616613755191053
0.0005770961356950312
0.004244176243277308
0.006357328643859371
0.0028298554235945635
8.56666076953596e-05
-0.00033385277522958993
-0.0005345499784181953
-0.0007570209246234762
-0.0008667984424512221
-0.0008564454259502121
-0.0007647921736599896
-0.0006559778316794446
-0.0005603912773743752
-0.00026356014202574596
0.003854140437990445
0.005603663440564134
0.002844993891722169
0.003209510840294851
0.0038891732355503914
0.004567968821948022
0.006661132499116995
0.0047366706581425414
0.0037707550633210934
0.0031072202414899517
0.0022880107967782506
0.00033471331021078923
-0.00031614569303485524
-0.0009360479788672109
-0.0012228149569695067
-0.001135026413354368
-0.0008759356872174305
-0.00010612168397311423
0.001546701303579972
0.002881145207302732
0.003129797155341064
0.003731018968148325
0.0052529935875802744
0.004764244064326609
0.00464266734535399
0.0046298071712965565
0.005828200897435153
0.004857091256209435
0.0026698369900406164
-0.0008468288032303577
-0.0013306142396121575
-0.0012924448238689635
-0.0008693238456594995
0.002035349985840943
0.003330636464205801
0.0012837265209236614
-0.00031131348691593993
-0.0014378474696453327
-0.0017754778969870139
-0.0007658399847518375
-0.0002697623026706319
0.002330531308662174
0.0037676600032335726
0.0006152744856795277
-0.0011256278154745255
-0.001064510331844339
0.003455400618978139
0.00043399484619889946
0.001193349141466103
0.0006797896683914089
0.00021979281143555857
0.00017851038170542323
8.629294612351408e-05
-9.135407246126387e-05
-0.0004358743230309604
-0.001663164962069261
-0.001058850843084662
-0.0003801687335471918
-0.0001383720602912156
-5.373937772204351e-05
-7.835052622353292e-06
1.1654050434902574e-05
0.00036154300782657747
0.00026988741950379586
0.00021627084644864594
-0.000870503350114883
-0.0007987299925912157
0.0015690383380864853
-0.0004326003143261256
-0.001468770113012795
-0.0015584707529377416
-0.0007124361016396092
0.0007672529487684936
-0.0006167055338549574
0.00012410807015069656
0.0010094432020556592
0.0007713160207759638
0.0013559593988978279
0.0014010022390011428
0.0012049582330971615
0.000951193614703658
-0.0016199600799007875
0.0006760320458924323
0.001034065323206993
0.0009338462276018912
0.0006649583334101422
0.0006891976627396999
0.00013196173054341555
-0.0002759569730056767
-5.237514359481074e-05
-0.001111676714499168
-0.0008217650623868111
0.0007217479793497082
-0.0002878873415660792
-0.0002554301898383101
0.00012555628384091123
0.00021901282807486433
0.00024530227833724207
-0.0007377682288115787
-0.00016677070408721868
8.942411258457295e-05
-4.2622119381089635e-05
0.00018602930447097867
-0.0001912491234223046
-2.271452768274275e-05
-0.0016017796793394213
-0.0001897786625769891
2.2485413819851964e-05
0.00023615358574047957
0.00038403948387599935
0.0005524904426993001
-0.0025224212959836312
0.0003011311964772011
0.00011588467538571954
-3.018376084503459e-05
5.295922078969636e-05
-0.0008079666786476466
-0.00021405629252037222
-6.083300340245995e-05
-1.2367170662931118e-05
0.0002395919829501706
-0.00019662414520880552
-9.161815078293504e-05
-0.00011968873385377364
-3.76441930261031e-05
-0.000326905590483405
-6.236273976556701e-05
-3.0521094826537256e-05
-0.00045991261885466953
-0.0001471770147258585
-0.0001483956447925015
2.5743016488905265e-06
-0.0002481958522370962
-0.00013474058815064424
-0.00016539349012363106
-0.0002794665029715586
-0.00019393625588565695
-0.00015061544214975512
-0.00013757724686765867
-0.00014202579401349387
-0.0002575201461302692
-0.0001780816827699204
-0.00012250676646247846
-0.00014264780315122408
-0.0002629038416710422
-0.0001632311423783312
-0.00015887107116592763
-0.00017184866486787695
-0.0001751866173393549
-0.00014845692953562319
-0.00012314891283950703
-0.00015966263026776778
-0.00014044578167101175
-0.0006973311658709815
-0.00011850899344984651
-0.0001327798188550382
-0.00015083280325395263
-0.00010415088220843908
-0.00013661694876903905
-0.00010319226527391924
-0.00013146310873217098
-0.00023039129089614315
-0.00010707240163923348
-7.663165283851847e-05
-0.00010119999454485255
-0.00010101320811448616
-8.94379929550099e-05
-8.811460219813908e-05
-6.768733718746221e-05
-9.813279403694388e-05
-7.926344178300573e-05
-8.478570953795891e-05
-8.31517563955935e-05
-8.257489825469438e-05
-8.17446837263198e-05
-9.26202310428131e-05
-7.790760959044251e-05
-8.810432343299951e-05
-7.200215607321321e-05
-8.096440060298588e-05
-8.74804843226956e-05
-7.08403614247462e-05
-6.32280042960073e-05
-6.753023273864917e-05
1.4785987270981112e-05
-5.4465320503530055e-05
-2.5362350136173282e-05
7.048432405028629e-05
6.536646273519056e-05
0.00027971141708876953
0.00044542170222871305
0.0011533104920168945
0.000603317170618465
0.00018410495983055776
-3.9318820464070793e-05
-7.549580177253479e-05
-0.00010090298308298422
-0.00010570521632954544
-9.636917179610668e-05
-0.00011244918085429098
-0.00010114720989182488
-0.00013417494833790978
-0.00012502034067055743
-0.00012843905063306309
-0.00013014163963136284
-0.00015609402161436127
-0.00013259192110429773
-0.00014720020880419404
-0.00013478326834494625
-0.0001602314779287429
-0.00014822009407446267
-0.00013469392507496102
-0.00014840292109600644
-0.0001344317721896852
-0.00014792082619381606
-0.00013342499287236732
-5.417855122444753e-05
-0.00014633765391996618
-0.00014605570517796588
-0.0001308747177650475
-0.00011088582597267054
-0.00012964397674569009
-0.000126093032097918
-9.208033078808726e-05
5.9044270953380215e-05
-0.00015660865127145588
-0.00012345848279403005
-0.00015921976203127662
-0.00012465567145186217
-0.00013058429852719092
-8.628718760020055e-05
-6.891297929877774e-05
-0.00016619273329200092
-0.00013502577153527853
-0.00013164369737170024
-1.1416502585655868e-05
-0.0001178041491889669
-0.00012991029304238136
-0.0001475638140790516
-0.00013025851598423698
1.0815985507076958e-05
4.069697461675325e-05
-0.00013207630523143807
9.291822834721903e-06
-0.0001246457523738792
-4.274726475812423e-05
5.543773609028277e-05
-0.00015622499471225704
-0.00013426631136915915
-0.00013273094542632407
-0.00011617924777358622
-9.112104895309297e-05
5.411502088740576e-05
5.012489699410248e-05
-0.00014101155996003052
-2.0387360191352876e-05
-0.0001163400858474215
-0.00013852754960857303
-0.00012304042208261223
-0.00010716090490384612
