49
49
22
49
49
49
46
45
44
42
49
48
36
44
47
42
47
49
33
49
43
49
44
27
41
49
45
37
34
49
42
49
49
49
49
43
49
44
48
38
49
45
49
49
49
43
38
38
48
49
45
46
47
49
49
48
47
41
48
39
49
37
49
49
49
49
46
47
40
44
49
44
30
49
45
49
49
49
35
42
48
23
49
32
34
35
28
39
49
49
49
49
33
45
40
34
49
46
43
49
44
44
32
32
44
32
46
46
49
49
36
42
18
38
49
32
30
40
49
49
43
36
23
36
49
49
35
41
49
38
49
49
31
49
37
49
49
37
49
49
48
41
49
43
49
44
49
49
43
39
38
37
45
49
44
34
49
33
49
49
49
33
49
40
36
49
49
40
37
49
46
36
49
37
29
49
49
44
49
48
49
49
42
46
42
49
49
49
40
40
49
49
47
49
49
49
49
38
49
49
28
35
49
49
33
43
31
49
45
47
41
19
38
47
49
42
40
40
49
37
49
49
36
49
49
26
37
49
49
49
33
37
49
49
34
49
35
29
44
48
49
41
49
40
49
49
40
36
49
49
36
44
49
42
39
35
28
32
42
48
49
49
44
49
22
49
29
49
49
48
44
49
46
30
41
49
49
36
49
35
45
49
49
32
49
31
41
49
49
49
44
39
35
49
40
40
49
42
26
40
49
49
19
49
45
49
46
49
49
43
46
35
44
35
49
49
49
39
49
39
38
49
49
49
49
49
34
49
49
49
49
32
49
22
43
47
49
42
48
36
49
49
23
36
49
49
34
36
37
49
49
26
49
46
49
48
49
33
49
45
49
36
49
49
49
49
49
49
36
47
49
49
47
49
49
49
41
42
49
49
43
31
49
49
34
31
49
49
49
29
49
37
46
33
49
38
49
45
37
49
49
49
49
49
49
39
24
49
33
49
49
49
49
49
46
49
49
49
49
29
49
49
49
33
49
49
43
49
49
49
49
41
38
49
45
49
49
49
49
31
49
49
49
49
49
44
49
39
30
48
49
49
49
49
49
43
35
49
44
46
14
30
45
38
45
49
49
49
25
26
49
49
49
49
29
32
49
49
49
47
40
49
49
43
49
49
35
35
42
49
49
49
49
33
47
41
49
49
48
49
49
49
49
49
39
49
49
33
49
42
40
20
49
49
49
49
43
44
42
40
49
49
46
26
49
35
49
49
49
48
39
49
49
48
49
31
49
49
49
49
20
49
39
49
49
49
49
49
49
49
49
49
28
49
49
44
42
25
41
33
49
49
49
49
49
49
49
49
33
49
49
49
49
43
49
48
40
24
49
49
49
49
49
42
49
44
49
20
18
19
49
49
49
49
49
49
49
40
38
41
42
43
49
40
49
49
32
35
43
49
49
49
49
42
37
47
49
49
49
22
43
49
49
49
46
49
40
39
49
49
40
49
47
36
33
37
47
35
49
49
19
49
38
49
49
49
49
46
40
49
49
34
49
49
47
49
49
23
39
35
35
49
49
18
49
36
36
25
30
49
35
26
49
49
49
49
42
49
30
37
49
33
45
49
34
49
49
29
49
39
28
40
45
49
48
49
46
14
49
49
49
49
49
49
49
49
49
49
20
46
49
34
28
36
37
39
39
43
49
49
49
30
49
49
49
49
22
44
49
41
49
41
49
26
49
14
49
49
13
43
49
49
29
49
49
49
49
49
49
15
49
49
20
49
44
49
49
49
38
48
17
49
41
49
49
49
34
36
49
35
32
40
49
39
30
49
38
49
49
38
26
33
49
23
49
49
49
49
49
49
49
49
49
49
49
14
49
30
17
16
49
48
49
49
49
49
39
49
49
49
49
49
49
49
49
49
28
41
49
49
33
31
29
31
49
47
49
48
49
49
34
48
49
39
39
49
43
49
17
49
49
33
49
39
49
47
49
49
49
39
49
32
49
49
49
49
45
49
38
28
49
49
27
32
33
49
49
31
49
49
49
49
48
49
49
49
40
49
49
49
49
34
49
49
42
49
37
49
49
49
49
33
49
49
49
49
49
49
49
49
49
29
49
49
49
31
49
49
31
41
49
49
28
49
49
49
49
49
45
41
35
27
49
33
28
31
40
42
32
47
49
34
32
28
43
18
47
15
27
47
49
29
31
49
33
44
38
49
45
49
34
49
49
49
48
49
49
49
49
33
49
49
43
49
49
49
39
25
49
49
40
41
30
49
32
49
49
49
49
49
38
49
37
49
37
49
49
49
49
49
45
49
17
49
49
49
45
49
49
49
