1.00000000
0.83769856
0.68159758
0.52875864
0.37735450
0.22639372
0.07549880
-0.07526550
-0.22552176
-0.37467587
-0.52198731
-0.66662029
-0.80768097
-0.94424484
-1.07537716
-1.20014872
-1.31764831
-1.42699316
-1.52733784
-1.61788222
-1.69787868
-1.76663875
-1.82353931
-1.86802827
-1.89962984
-1.91794935
-1.92267748
-1.91359407
-1.89057130
-1.85357629
-1.80267309
-1.73802402
-1.65989037
-1.56863231
-1.46470828
-1.34867352
-1.22117795
-1.08296337
-0.93485988
-0.77778166
-0.61272206
-0.44074799
-0.26299367
-0.08065374
0.10502420
0.29274769
0.48118801
0.66898937
0.85477850
1.03717481
1.21480082
1.38629315
1.55031365
1.70556092
1.85078194
1.98478382
2.10644551
2.21472933
2.30869209
2.38749573
2.45041699
2.49685605
2.52634373
2.53854697
2.53327230
2.51046716
2.47021888
2.41275131
2.33841935
2.24770151
2.14119102
2.01958603
1.88367938
1.73434870
1.57254709
1.39929496
1.21567315
1.02281734
0.82191357
0.61419470
0.40093718
0.18345806
-0.03688846
-0.25871511
-0.48060639
-0.70112451
-0.91881630
-1.13222103
-1.33987908
-1.54034135
-1.73217908
-1.91399415
-2.08442943
-2.24217932
-2.38600006
-2.51471995
-2.62724917
-2.72258928
-2.79984219
-2.85821854
-2.89704547
-2.91577374
-2.91398398
-2.89139224
-2.84785458
-2.78337080
-2.69808725
-2.59229861
-2.46644865
-2.32113008
-2.15708324
-1.97519379
-1.77648942
-1.56213543
-1.33342936
-1.09179460
-0.83877302
-0.57601668
-0.30527859
-0.02840261
0.25268747
0.53599973
0.81948660
1.10105823
1.37859657
1.64997017
1.91304989
2.16572540
2.40592254
2.63162178
2.84087768
3.03183942
3.20277258
3.35208188
3.47833475
3.58028532
3.65689799
3.70736979
3.73114991
3.72795500
3.69777838
3.64089146
3.55783607
3.44940706
3.31662557
3.16070433
2.98300796
2.78501145
2.56826109
2.33434132
2.08485036
1.82138622
1.54554281
1.25891489
0.96310908
0.65975797
0.35053422
0.03716215
-0.27857495
-0.59483263
-0.90970825
-1.22124860
-1.52746132
-1.82632901
-2.11582524
-2.39393157
-2.65865494
-2.90804513
-3.14021181
-3.35334121
-3.54571210
-3.71571109
-3.86184719
-3.98276549
-4.07725998
-4.14428540
-4.18296805
-4.19261546
-4.17272502
-4.12299120
-4.04331170
-3.93379207
-3.79474910
-3.62671273
-3.43042657
-3.20684694
-2.95714048
-2.68268036
-2.38504100
-2.06599147
-1.72748752
-1.37166237
-1.00081624
-0.61740482
-0.22402665
0.17659038
0.58160334
0.98806936
1.39296125
1.79318376
2.18559032
2.56700042
2.93421764
3.28404884
3.61332485
3.91892372
4.19779734
4.44700343
4.66374440
4.84541549
4.98966416
5.09446205
5.15818955
5.17973013
5.15856783
5.09487710
4.98958936
4.84441843
4.66182823
4.44493207
4.19732493
3.92286398
3.62542649
3.30868163
2.97591169
2.62990764
2.27294832
1.90685512
1.53310141
1.15294965
0.76758974
0.37825794
-0.01367564
-0.40665527
-0.79892044
-1.18851304
-1.57330236
-1.95102037
-2.31930094
-2.67571896
-3.01782701
-3.34318846
-3.64940722
-3.93415433
-4.19519198
-4.43039539
-4.63777307
-4.81548552
-4.96186255
-5.07541937
-5.15487131
-5.19914724
-5.20740153
-5.17902459
-5.11365186
-5.01117119
-4.87172855
-4.69573215
-4.48385463
-4.23703372
-3.95647094
-3.64362867
-3.30022541
-2.92822942
-2.52985064
-2.10753116
-1.66393424
-1.20193197
-0.72459194
-0.23516290
0.26294017
0.76615146
1.27076964
1.77297300
2.26883376
2.75433134
3.22536414
3.67775968
4.10728313
4.50964484
4.88050839
5.21550208
5.51023879
5.76035218
5.96156052
6.10977308
6.20125620
6.23287449
6.20241351
6.10897020
5.95336563
5.73849547
5.46950382
5.15366509
4.79990827
4.41801373
4.01762499
3.60729317
3.19376891
2.78167529
2.37357526
1.97034326
1.57169909
1.17676449
0.78454212
0.39426531
0.00560905
-0.38121961
-0.76548104
-1.14595946
-1.52104825
-1.88884323
-2.24723097
-2.59396564
-2.92673248
-3.24319892
-3.54105540
-3.81804852
-4.07200854
-4.30087307
-4.50270783
-4.67572556
-4.81830312
-4.92899728
-5.00655909
-5.04994694
-5.05833824
-5.03113965
-4.96799583
-4.86879662
-4.73368263
-4.56304918
-4.35754854
-4.11809049
-3.84584110
-3.54221987
-3.20889512
-2.84777781
-2.46101364
-2.05097375
-1.62024399
-1.17161285
-0.70805833
-0.23273386
0.25104655
0.73982355
1.23000796
1.71789608
2.19968466
2.67148508
3.12933652
3.56921813
3.98706026
4.37875555
4.74017116
5.06716496
5.35560994
5.60143341
5.80068017
5.94961131
6.04485132
6.08359434
6.06387258
5.98487427
5.84727452
5.65351404
5.40793885
5.11671366
4.78745614
4.42860857
4.04864655
3.65528601
3.25485839
2.85197251
2.44949558
2.04880131
1.65018171
1.25330964
0.85766090
0.46284137
0.06880007
-0.32406462
-0.71488352
-1.10235294
-1.48480337
-1.86028075
-2.22662694
-2.58155189
-2.92269483
-3.24767443
-3.55412950
-3.83975245
-4.10231730
-4.33970382
-4.54991894
-4.73111606
-4.88161278
-4.99990712
-5.08469236
-5.13487063
-5.14956496
-5.12813000
-5.07016117
-4.97550226
-4.84425139
-4.67676533
-4.47366208
-4.23582173
-3.96438554
-3.66075334
-3.32657915
-2.96376517
-2.57445407
-2.16101981
-1.72605698
-1.27236882
-0.80295413
-0.32099319
0.17016705
0.66702824
1.16595605
1.66319545
2.15488541
2.63707276
3.10572479
3.55674048
3.98596038
4.38917563
4.76213752
5.10057000
5.40018959
5.65673945
5.86604751
6.02412169
6.12729727
6.17245074
6.15728696
6.08069056
5.94310542
5.74687236
5.49642550
5.19824161
4.86047075
4.49225492
4.10284133
3.70067547
3.29267526
2.88383060
2.47717041
2.07403816
1.67455570
1.27814395
0.88399602
0.49144166
0.10018283
-0.28958990
-0.67717445
-1.06139724
-1.44068810
-1.81316822
-2.17673669
-2.52914768
-2.86807534
-3.19116655
-3.49608345
-3.78053782
-4.04231974
-4.27932201
-4.48956168
-4.67119943
-4.82255715
-4.94213425
-5.02862239
-5.08091906
-5.09813961
-5.07962797
-5.02496582
-4.93398026
-4.80674979
-4.64360874
-4.44514994
-4.21222567
-3.94594694
-3.64768099
-3.31904708
-2.96191066
-2.57837582
-2.17077635
-1.74166518
-1.29380266
-0.83014357
-0.35382320
0.13185735
0.62344639
1.11735708
1.60988281
2.09721211
2.57544288
3.04059553
3.48862491
3.91543117
4.31686996
4.68876320
5.02691289
5.32712186
5.58522769
5.79715895
5.95902526
6.06725515
6.11879424
6.11137048
6.04381843
5.91643121
5.73127802
5.49239856
5.20577730
4.87902838
4.52078896
4.13990847
3.74459650
3.34171475
2.93635539
2.53175924
2.12953281
1.73006030
1.33298891
0.93768493
0.54359626
0.15049591
-0.24138947
-0.63134408
-1.01819242
-1.40036642
-1.77598846
-2.14295527
-2.49901411
-2.84182750
-3.16902643
-3.47825337
-3.76719729
-4.03362278
-4.27539493
-4.49050121
-4.67707111
-4.83339415
-4.95793630
-5.04935510
-5.10651340
-5.12849171
-5.11459914
-5.06438288
-4.97763601
-4.85440387
-4.69498864
-4.49995229
-4.27011775
-4.00656843
-3.71064594
-3.38394606
-3.02831309
-2.64583255
-2.23882226
-1.80982208
-1.36158216
-0.89705012
-0.41935718
0.06819645
0.56215685
1.05893170
1.55480573
2.04595559
2.52846403
2.99833297
3.45149524
3.88382504
4.29114760
4.66924890
5.01388809
5.32081594
5.58580599
5.80470682
5.97352797
6.08857336
6.14663660
6.14526665
6.08309863
5.96022082
5.77851707
5.54189366
5.25628737
4.92937515
4.56997299
4.18720554
3.78961214
3.38438590
2.97690305
2.57060792
2.16721769
1.76714079
1.36998059
0.97501475
0.58157977
0.18933213
-0.20161100
-0.59062934
-0.97662617
-1.35809552
-1.73320691
-2.09989170
-2.45592181
-2.79897667
-3.12669823
-3.43673532
-3.72677951
-3.99459490
-4.23804334
-4.45510652
-4.64390588
-4.80272057
-4.93000408
-5.02439938
-5.08475277
-5.11012632
-5.09980892
-5.05332584
-4.97044674
-4.85119210
-4.69583799
-4.50491915
-4.27923037
-4.01982614
-3.72801851
-3.40537334
-3.05370476
-2.67506803
-2.27175086
-1.84626323
-1.40132589
-0.93985758
-0.46496137
0.02008997
0.51186907
1.00680939
1.50122061
1.99130366
2.47316507
2.94283028
3.39625572
3.82933968
4.23793233
4.61784588
4.96486705
5.27477536
5.54337305
5.76653508
5.94029067
6.06094999
6.12528981
6.13080705
6.07603657
5.96090760
5.78708279
5.55819422
5.27987642
4.95951513
4.60569132
4.22738922
3.83312171
3.43016336
3.02405147
2.61843071
2.21521800
1.81499104
1.41747614
1.02202465
0.62800401
0.23506992
-0.15668090
-0.54665783
-0.93379509
-1.31661402
-1.69330518
-2.06181390
-2.41991924
-2.76530175
-3.09559941
-3.40845279
-3.70154180
-3.97261586
-4.21951968
-4.44021562
-4.63280382
-4.79554047
-4.92685456
-5.02536322
-5.08988580
-5.11945644
-5.11333534
-5.07101855
-4.99224610
-4.87700870
-4.72555270
-4.53838336
-4.31626648
-4.06022816
-3.77155300
-3.45178040
-3.10269930
-2.72634118
-2.32497158
-1.90108001
-1.45736863
-0.99673959
-0.52228144
-0.03725457
0.45492383
0.95069518
1.44637493
1.93816761
2.42218122
2.89444062
3.35089965
3.78745193
4.19994081
4.58416910
4.93591086
5.25092838
5.52500012
5.75396765
5.93381304
6.06078026
6.13155499
6.14351296
6.09503521
5.98586756
5.81747118
5.59328006
5.31876362
5.00120745
4.64918198
4.27175889
3.87762335
3.47427553
3.06749084
2.66112630
2.25725883
1.85656249
1.45879865
1.06330408
0.66939754
0.27666737
-0.11486289
-0.50467252
-0.89175692
-1.27468737
-1.65169287
-2.02074661
-2.37964651
-2.72608466
-3.05770471
-3.37214831
-3.66709264
-3.94028129
-4.18955041
-4.41285144
-4.60827135
-4.77405114
-4.90860268
-5.01052421
-5.07861453
-5.11188570
-5.10957449
-5.07115220
-4.99633311
-4.88508123
-4.73761544
-4.55441299
-4.33621123
-4.08400767
-3.79905821
-3.48287377
-3.13721513
-2.76408613
-2.36572536
-1.94459624
-1.50337581
-1.04494227
-0.57236144
-0.08887230
0.40212797
0.89709942
1.39237471
1.88417431
2.36862094
2.84175314
3.29953757
3.73788012
4.15263591
4.53961922
4.89461507
5.21339563
5.49174681
5.72551287
5.91066979
6.04344099
6.12046942
6.13905679
6.09747007
5.99529508
5.83378828
5.61614615
5.34759236
5.03519315
4.68736296
4.31310931
3.92115481
3.51912615
3.11298345
2.70678780
2.30280391
1.90185284
1.50379146
1.10800188
0.71380710
0.32077123
-0.07112241
-0.46139893
-0.84909778
-1.23282804
-1.61084834
-1.98115295
-2.34155301
-2.68974705
-3.02337962
-3.34008867
-3.63754398
-3.91347864
-4.16571563
-4.39219090
-4.59097386
-4.76028603
-4.89851813
-5.00424570
-5.07624342
-5.11349805
-5.11521997
-5.08085327
-5.01008427
-4.90284852
-4.75933615
-4.57999550
-4.36553512
-4.11692394
-3.83538977
-3.52241609
-3.17973705
-2.80933093
-2.41341187
-1.99442025
-1.55501152
-1.09804393
-0.62656501
-0.14379731
0.34687660
0.84192950
1.33770492
1.83043236
2.31624183
2.79117751
3.25121016
3.69224830
4.11014825
4.50072391
4.85975793
5.18301722
5.46627799
5.70536774
5.89623486
6.03505900
6.11841673
6.14351383
6.10848603
6.01275105
5.85736586
5.64531181
5.38160797
5.07315919
4.72829330
4.35602547
3.96518061
3.56356149
3.15734278
2.75079933
2.34637629
1.94502250
1.54666480
1.15070330
0.75643944
0.36339058
-0.02851877
-0.41887434
-0.80677113
-1.19086502
-1.56945122
-1.94055075
-2.30199268
-2.65148613
-2.98668025
-3.30521283
-3.60474960
-3.88301640
-4.13782620
-4.36710251
-4.56890013
-4.74142398
-4.88304628
-4.99232241
-5.06800528
-5.10905850
-5.11466799
-5.08425227
-5.01747116
-4.91423291
-4.77469975
-4.59929171
-4.38868877
-4.14383127
-3.86591857
-3.55640600
-3.21700012
-2.84965228
-2.45655057
-2.04011033
-1.60296320
-1.14794483
-0.67808167
-0.19657665
0.29320572
0.78775466
1.28342856
1.77647025
2.26302160
2.73913734
3.20079763
3.64391939
4.06436647
4.45795945
4.82048662
5.14771885
5.43543336
5.67945347
5.87571454
6.02036916
6.10994585
6.14157326
6.11327323
6.02430777
5.87553792
5.66972030
5.41164359
5.10800936
4.76700430
4.39759194
4.00864448
3.60809877
3.20231996
2.79579120
2.39114801
1.98948694
1.59082914
1.19461700
0.80015177
0.40692114
0.01480349
-0.37583863
-0.76414987
-1.14882901
-1.52820535
-1.90032484
-2.26303305
-2.61404839
-2.95102334
-3.27159420
-3.57342128
-3.85422178
-4.11179726
-4.34405740
-4.54904099
-4.72493501
-4.87009191
-4.98304567
-5.06252634
-5.10747328
-5.11704703
-5.09063972
-5.02788393
-4.92866003
-4.79310191
-4.62160095
-4.41480841
-4.17363601
-3.89925478
-3.59309223
-3.25682773
-2.89238631
-2.50193078
-2.08785237
-1.65275992
-1.19946782
-0.73098274
-0.25048955
0.23866357
0.73298043
1.22883225
1.72247296
2.21005393
2.68763780
3.15121128
3.59669653
4.01996144
4.41682941
4.78309000
5.11451319
5.40687179
5.65597891
5.85775050
6.00830544
6.10411786
6.14223388
6.12055785
6.03819538
5.89581467
5.69595506
5.44318669
5.14402315
4.80652753
4.43962942
4.05226456
3.65251711
3.24695206
2.84026594
2.43528582
2.03325389
1.63428113
1.23784640
0.84324428
0.44992640
0.05771907
-0.33307222
-0.72164633
-1.10674882
-1.48674631
-1.85971236
-2.22351131
-2.57587279
-2.91445432
-3.23689226
-3.54084293
-3.82401620
-4.08420352
-4.31930195
-4.52733547
-4.70647421
-4.85505195
-4.97158225
-5.05477319
-5.10354079
-5.11702094
-5.09458004
-5.03582402
-4.94060582
-4.80903132
-4.64146352
-4.43852508
-4.20109908
-3.93032813
-3.62761162
-3.29460141
-2.93319570
-2.54553141
-2.13397491
-1.70111142
-1.24973304
-0.78282564
-0.30355485
0.18474879
0.67860504
1.17439944
1.66839859
2.15676498
2.63557098
3.10081169
3.54841654
3.97425968
4.37416977
4.74394043
5.07934396
5.37615262
5.63017401
5.83731027
5.99365336
6.09563092
6.14021533
6.12520231
6.04954877
5.91373456
5.72008093
5.47293120
5.17859463
4.84498723
4.48097743
4.09553807
3.69687962
3.29175440
2.88506918
2.47984727
2.07748644
1.67819975
1.28151454
0.88672908
0.49326684
0.10090757
-0.29009687
-0.67899767
-1.06458633
-1.44526651
-1.81913941
-2.18408820
-2.53785382
-2.87809875
-3.20245929
-3.50858757
-3.79418591
-4.05703531
-4.29501992
-4.50614860
-4.68857428
-4.84061174
-4.96075385
-5.04768643
-5.10030185
-5.11771113
-5.09925472
-5.04451168
-4.95330737
-4.82571955
-4.66208271
-4.46299084
-4.22929840
-3.96211953
-3.66282562
-3.33304105
-2.97463736
-2.58972573
-2.18064792
-1.74996576
-1.30044941
-0.83506426
-0.35695710
0.13055870
0.62401837
1.11982118
1.61424578
2.10346511
2.58356044
3.05053442
3.50032277
3.92880481
4.33181322
4.70514435
5.04457137
5.34586441
5.60482400
5.81733704
5.97946750
6.08759591
6.13862119
6.13023176
6.06123821
5.93193547
5.74443035
5.50284274
5.21327974
4.88351093
4.52234281
4.13878409
3.74117069
3.33644270
2.92971893
2.52422175
2.12150761
1.72189429
1.32495935
0.93000539
0.53642736
0.14395722
-0.24720847
-0.63637519
-1.02238234
-1.40367246
-1.77837602
-2.14439648
-2.49948720
-2.84131671
-3.16752208
-3.47575204
-3.76370204
-4.02914327
-4.26994758
-4.48410922
-4.66976451
-4.82520972
-4.94891747
-5.03955176
-5.09598172
-5.11729384
-5.10280292
-5.05206143
-4.96486737
-4.84127052
-4.68157699
-4.48635217
-4.25642187
-3.99287174
-3.69704502
-3.37053850
-3.01519681
-2.63310512
-2.22658023
-1.79816026
-1.35059293
-0.88682274
-0.40997709
0.07664837
0.56960491
1.06530617
1.56004350
2.05000095
2.53126941
2.99985980
3.45171491
3.88272002
4.28871276
4.66549321
5.00883666
5.31451265
5.57831660
5.79612275
5.96397037
6.07819717
6.13563373
6.13386686
6.07156660
5.94884739
5.76760353
5.53172905
5.24712132
4.92139082
4.56326623
4.18177571
3.78536710
3.38115982
2.97448237
2.56875921
2.16571204
1.76577150
1.36857332
0.97343109
0.57971604
0.18711546
-0.20422786
-0.59367321
-0.98010809
-1.36201448
-1.73755281
-2.10464742
-2.46106470
-2.80447959
-3.13253027
-3.44286227
-3.73316430
-4.00119787
-4.24482257
-4.46201810
-4.65090421
-4.80975864
-4.93703380
-5.03137189
-5.09161878
-5.11683644
-5.10631402
-5.05957739
-4.97639717
-4.85679515
-4.70104907
-4.50969568
-4.28353213
-4.02361557
-3.73126107
-3.40803781
-3.05576349
-2.67649726
-2.27253097
-1.84637898
-1.40076662
-0.93861747
-0.46303958
0.02268910
0.51513585
1.01072858
1.50577127
1.99645894
2.47889197
2.94908934
3.40300064
3.83651687
4.24548025
4.62569425
4.97293591
5.28297391
5.55159843
5.77467123
5.94820751
6.06850347
6.13232342
6.13715561
6.08153313
5.96539381
5.79042246
5.56028860
5.28067837
4.95903877
4.60401383
4.22464364
3.82948152
3.42582257
3.01920465
2.61325686
2.20987059
1.80959431
1.41212640
1.01679475
0.62294892
0.23023221
-0.16126656
-0.55096139
-0.93778909
-1.32027243
-1.69660301
-2.06472725
-2.42242545
-2.76737981
-3.09723025
-3.40961966
-3.70223048
-3.97281498
-4.21922085
-4.43941364
-4.63149677
-4.79372985
-4.92454531
-5.02256382
-5.08660823
-5.11571620
-5.10915142
-5.06641332
-4.98724526
-4.87164116
-4.71985043
-4.53238122
-4.31000202
-4.05374147
-3.76488640
-3.44497825
-3.09580771
-2.71940774
-2.31804502
-1.89420997
-1.45060525
-0.99013327
-0.51588244
-0.03111271
0.46075953
0.95617682
1.45145609
1.94280369
2.42632981
2.89806184
3.35395655
3.78991097
4.20177230
4.58534785
4.93641696
5.25074816
5.52412744
5.75240554
5.93157569
6.05789543
6.12806654
6.13948321
6.09054647
5.98102199
5.81238796
5.58808920
5.31359644
4.99618464
4.64440147
4.26728604
3.87348601
3.47046480
3.06396717
2.65782897
2.25411655
1.85350293
1.45575582
1.06022293
0.66623609
0.27339701
-0.11825844
-0.50819890
-0.89541104
-1.27845927
-1.65556731
-2.02470445
-2.38366569
-2.73014105
-3.06177268
-3.37620118
-3.67110306
-3.94422153
-4.19339263
-4.41656787
-4.61183459
-4.77743433
-4.91177972
-5.01346998
-5.08130505
-5.11429838
-5.11168827
-5.07294777
-4.99779303
-4.88619014
-4.73836018
-4.55478274
-4.33619765
-4.08360497
-3.79826329
-3.48168627
-3.13563750
-2.76212368
-2.36338628
-1.94189162
-1.50031965
-1.04155147
-0.56865575
-0.08487431
0.40639287
0.90160307
1.39708627
1.88906022
2.37364497
2.84687636
3.30471834
3.74307395
4.15779535
4.54469366
4.89955050
5.21813441
5.49622747
5.72967006
5.91443457
6.04674167
6.12323328
6.14121297
6.09895383
5.99605350
5.83378679
5.61537496
5.34607133
5.03297324
4.68452347
4.30975048
3.91738746
3.51506036
3.10871897
2.70240777
2.29837255
1.89741655
1.49938228
1.10364177
0.70951220
0.31655531
-0.07524554
-0.46541401
-0.85298755
-1.23657328
-1.61442819
-1.98454549
-2.34473576
-2.69269758
-3.02607593
-3.34250964
-3.63966964
-3.91529050
-4.16719688
-4.39332658
-4.59175107
-4.76069409
-4.89854868
-5.00389282
-5.07550375
-5.11237083
-5.11370713
-5.07895944
-5.00781682
-4.90021758
-4.75635456
-4.57667879
-4.36190143
-4.11299397
-3.83118670
-3.51796543
-3.17506654
-2.80447038
-2.40839303
-1.98927659
-1.54977810
-1.09275714
-0.62126243
-0.13851747
0.35209445
0.84704556
1.34267913
1.83522453
2.32081193
2.79548582
3.25521753
3.69591631
4.11343949
4.50360223
4.86218875
5.18496801
5.46771889
5.70627241
5.89658174
6.03483296
6.11761125
6.14213352
6.10654944
6.01029306
5.85443916
5.64198642
5.37796812
5.06929741
4.72430218
4.35198869
3.96116507
3.55961234
3.15348227
2.74702930
2.34268320
1.94138359
1.54305406
1.14709629
0.75281667
0.35973931
-0.03220396
-0.42259181
-0.81051307
-1.19461851
-1.57319938
-1.94427377
-2.30566867
-2.65509189
-2.99019180
-3.30860586
-3.60799983
-3.88609989
-4.14071959
-4.36978324
-4.57134665
-4.74361595
-4.88496474
-4.99394993
-5.06932617
-5.11005889
-5.11533603
-5.08457820
-5.01744745
-4.91385437
-4.77396357
-4.59819756
-4.38723883
-4.14203029
-3.86377388
-3.55392750
-3.21420027
-2.84654608
-2.45315552
-2.03644636
-1.59905257
-1.14381211
-0.67375357
-0.19208196
0.29783624
0.79248842
1.28823123
1.78130588
2.26785271
2.74392502
3.20550159
3.64849798
4.06877674
4.46215714
4.82442613
5.15135332
5.43871478
5.68233296
5.87814297
6.02229823
6.11132982
6.14237155
6.11345386
6.02385155
5.87444289
5.66800549
5.40935100
5.10520299
4.76376579
4.39401305
4.00481796
3.60410952
3.19823842
2.79167002
2.38702224
1.98537681
1.58674432
1.19056116
0.79612658
0.40292921
0.01085025
-0.37974412
-0.76799478
-1.15259717
-1.53187791
-1.90388096
-2.26645063
-2.61730469
-2.95409550
-3.27445964
-3.57605810
-3.85660900
-4.11391510
-4.34588746
-4.55056650
-4.72614091
-4.87096510
-4.98357508
-5.06270307
-5.10729075
-5.11650101
-5.08972845
-5.02660817
-4.92702311
-4.79110972
-4.61926201
-4.41213382
-4.17063943
-3.89595239
-3.58950268
-3.25297205
-2.88828781
-2.49761495
-2.08334677
-1.64809402
-1.19467284
-0.72609154
-0.24553643
0.24364304
0.73794957
1.23375348
1.72730792
2.21476367
2.69218296
3.15555221
3.60079342
4.02377452
4.42031905
4.78621691
5.11723867
5.40915812
5.65778997
5.85905262
6.00906879
6.10431828
6.14185543
6.11959576
6.03665928
5.89373146
5.69337051
5.44016492
5.14064326
4.80287736
4.43579731
4.04833074
3.64854664
3.24299078
2.83633998
2.43140418
2.02941306
1.63047040
1.23405275
0.83945623
0.44613654
0.05392537
-0.33686608
-0.72543139
-1.11051156
-1.49046959
-1.86337634
-2.22709430
-2.57935194
-2.91780618
-3.24009323
-3.54386967
-3.82684589
-4.08681413
-4.32167247
-4.52944611
-4.70830657
-4.85658920
-4.97280931
-5.05567685
-5.10410984
-5.11724632
-5.09445490
-5.03534386
-4.93976855
-4.80783731
-4.63991566
-4.43662880
-4.19886238
-3.92776154
-3.62472823
-3.29141679
-2.92972788
-2.54180076
-2.13000412
-1.69692536
-1.24535866
-0.77829187
-0.29889242
0.18950742
0.68342588
1.17924706
1.67323628
2.16155487
2.64027417
3.10538833
3.55282593
3.97846035
4.37811952
4.74759643
5.08266288
5.37909077
5.63268780
5.83935681
5.99519162
6.09662335
6.14063029
6.12501721
6.04875374
5.91233634
5.71810589
5.47042672
5.17562771
4.84163988
4.47733928
4.09169759
3.69291569
3.28773029
2.88102978
2.47581972
2.07348332
1.67422365
1.27756279
0.88279787
0.48935417
0.09701510
-0.29396305
-0.68282703
-1.06836440
-1.44897559
-1.82275940
-2.18759738
-2.54122948
-2.88131781
-3.20549869
-3.51142469
-3.79679885
-4.05940315
-4.29712295
-4.50796850
-4.69009433
-4.84181696
-4.96163115
-5.04822477
-5.10049232
-5.11754711
-5.09873191
-5.04362823
-4.95206392
-4.82411926
-4.66013132
-4.46069666
-4.22667229
-3.95917491
-3.65957840
-3.32950959
-2.97084238
-2.58569023
-2.17639707
-1.74552680
-1.29585148
-0.83033831
-0.35213569
0.13544153
0.62892724
1.12471957
1.61909616
2.10822910
2.58819895
3.05500780
3.50459090
3.93282722
4.33554923
4.70855317
5.04761231
5.34849716
5.60700907
5.81903654
5.98064625
6.08822317
6.13867301
6.12969388
6.06010956
5.93023140
5.74218522
5.50011053
5.21013205
4.88003189
4.51862151
4.13490583
3.73720909
3.33245417
2.92574068
2.52027305
2.11759354
1.71801066
1.32109766
0.92615695
0.53258627
0.14012205
-0.25103397
-0.64018227
-1.02615777
-1.40739943
-1.78203499
-2.14796600
-2.50294462
-2.84463880
-3.17068546
-3.47873359
-3.76647919
-4.03169430
-4.27225180
-4.48614723
-4.67151834
-4.82666301
-4.95005564
-5.04036216
-5.09645372
-5.11741900
-5.10257505
-5.05147671
-4.96392441
-4.83997041
-4.67992335
-4.48435118
-4.25408226
-3.99020481
-3.69406458
-3.36726085
-3.01164066
-2.62929154
-2.22253255
-1.79390395
-1.34615552
-0.88223364
-0.40526751
0.08144559
0.57445547
1.07017440
1.56489257
2.05479294
2.53596551
3.00442038
3.45609963
3.88688794
4.29262240
4.66910268
5.01210376
5.31739509
5.58077240
5.79811087
5.96545172
6.07913624
6.13600077
6.13364090
6.07073889
5.94742511
5.76561281
5.52921644
5.24415261
4.91804686
4.55963584
4.17794698
3.78141900
3.37715586
2.97046754
2.56476032
2.16174078
1.76182902
1.36465509
0.96953118
0.57583034
0.18324358
-0.20808162
-0.59749983
-0.98389427
-1.36574342
-1.74120500
-2.10820151
-2.46449815
-2.80776928
-3.13565300
-3.44579511
-3.73588493
-4.00368487
-4.24705560
-4.46397815
-4.65257374
-4.81112181
-4.93807657
-5.03208218
-5.09198660
-5.11685400
-5.10597585
-5.05888039
-4.97534070
-4.85538108
-4.69928181
-4.50758220
-4.28108197
-4.02084083
-3.72817637
-3.40466021
-3.05211248
-2.67259466
-2.26840081
-1.84204740
-1.39626176
-0.93396934
-0.45827990
0.02752704
0.52001733
1.01561764
1.51063085
2.00125100
2.48357765
2.95362909
3.40735435
3.84064394
4.24933970
4.62924488
4.97613638
5.28578301
5.55397549
5.77657673
5.94960413
6.06935761
6.13260740
6.13685050
6.08063218
5.96390593
5.78837517
5.55772937
5.27767351
4.95566921
4.60036816
4.22080944
3.82553704
3.42183035
3.01520845
2.60928201
2.20592711
1.80568153
1.40823796
1.01292295
0.61908798
0.22638032
-0.16510632
-0.55478099
-0.94157599
-1.32401038
-1.70027291
-2.06830795
-2.42589453
-2.77071414
-3.10040652
-3.41261475
-3.70502182
-3.97538080
-4.22154041
-4.44146744
-4.63326678
-4.79519962
-4.92570016
-5.02339099
-5.08709699
-5.11585800
-5.10893995
-5.06584464
-4.98631787
-4.87035603
-4.71821105
-4.53039367
-4.30767492
-4.05108599
-3.76191626
-3.44170963
-3.09225923
-2.71560037
-2.31400201
-1.88995668
-1.44616914
-0.98554367
-0.51117046
-0.02631111
0.46561651
0.96105362
1.45631597
1.94760886
2.43104158
2.90264074
3.35836246
3.79410316
4.20570960
4.58898870
4.93971954
5.25367063
5.52662825
5.75444404
5.93311310
6.05889624
6.12850067
6.13932876
6.08979313
5.97967465
5.81046987
5.58564375
5.31068652
4.99288895
4.64080792
4.26348330
3.86955486
3.46647140
3.05995928
2.65383583
2.25015151
1.84956789
1.45184615
1.05633194
0.66235848
0.26953107
-0.12210978
-0.51202784
-0.89920531
-1.28220285
-1.65924129
-2.02828783
-2.38713615
-2.73347553
-3.06494793
-3.37919413
-3.67389115
-3.94678303
-4.19570682
-4.41861532
-4.61359728
-4.77889585
-4.91292545
-5.01428721
-5.08178313
-5.11442880
-5.11146480
-5.07236655
-4.99685263
-4.88489161
-4.73670712
-4.55278130
-4.33385654
-4.08093546
-3.79527919
-3.47840385
-3.13207548
-2.75830311
-2.35933048
-1.93762607
-1.49587186
-1.03695085
-0.56393347
-0.08006319
0.41125857
0.90648777
1.40195320
1.89387162
2.37836219
2.85146000
3.30912838
3.74726982
4.16173605
4.54833788
4.90285672
5.22106112
5.49873352
5.73171521
5.91598043
6.04775310
6.12368041
6.14107391
6.09821801
5.99472522
5.83188840
5.61294875
5.34317906
5.02969274
4.68094221
4.30595722
3.91346359
3.51107294
3.10471675
2.69842077
2.29441457
1.89348954
1.49548129
1.09975951
0.70564260
0.31269583
-0.07909275
-0.46924185
-0.85678434
-1.24032346
-1.61811317
-1.98814448
-2.34822657
-2.69605719
-3.02928105
-3.34553712
-3.64249680
-3.91789543
-4.16955865
-4.39542549
-4.59356883
-4.76221397
-4.89975571
-5.00477391
-5.07604784
-5.11256900
-5.11355271
-5.07844810
-5.00694666
-4.89898917
-4.75477100
-4.57474572
-4.35962707
-4.11038909
-3.82826461
-3.51474192
-3.17155986
-2.80070113
-2.40438409
-1.98505302
-1.54536700
-1.08818758
-0.61656525
-0.13372516
0.35694788
0.85192477
1.34754755
1.84004457
2.32554506
2.80009272
3.25965821
3.70015023
4.11742561
4.50729915
4.86555480
5.18796148
5.47029830
5.70839708
5.89821262
6.03593401
6.11815135
6.14208914
6.10590790
6.00905612
5.85262633
5.63963708
5.37514147
5.06606940
4.72075948
4.34822048
3.95725428
3.55562840
3.14947670
2.74303476
2.33871574
1.93744680
1.53914399
1.14320612
0.74894033
0.35587402
-0.03605644
-0.42642481
-0.81431529
-1.19837474
-1.57689129
-1.94788076
-2.30916866
-2.65846193
-2.99340862
-3.31164631
-3.61084120
-3.88872020
-4.14309785
-4.37189967
-4.57318287
-4.74515512
-4.88619177
-4.99485162
-5.06989132
-5.11027845
-5.11520318
-5.08408847
-5.01659879
-4.91264719
-4.77240081
-4.59628472
-4.38498398
-4.13944404
-3.86086938
-3.55072041
-3.21070870
-2.84279048
-2.44915864
-2.03223313
-1.59464999
-1.13924912
-0.66906091
-0.18729204
0.30268952
0.79736978
1.29310420
1.78613292
2.27259538
2.74854407
3.20995712
3.65274952
4.07278334
4.46587750
4.82781870
5.15437649
5.44132718
5.68449396
5.87981351
6.02344211
6.11191558
6.14237504
6.11286142
6.02266361
5.87267730
5.66569981
5.40656266
5.10200658
4.76024727
4.39026169
4.00091760
3.60013104
3.19423502
2.78767601
2.38305492
1.98144056
1.58283548
1.18667280
0.79225223
0.39906551
0.00699833
-0.38357817
-0.77180022
-1.15635919
-1.53557850
-1.90749975
-2.26996567
-2.62069310
-2.95733400
-3.27752505
-3.57892761
-3.85926053
-4.11632750
-4.34804079
-4.55244214
-4.72772182
-4.87223595
-4.98452239
-5.06331536
-5.10755865
-5.11641741
-5.08928855
-5.02580956
-4.92586587
-4.78959644
-4.61739783
-4.40992644
-4.16809911
-3.89309195
-3.58633741
-3.24951971
-2.88456854
-2.49365120
-2.07916316
-1.64371726
-1.19013162
-0.72141635
-0.24075945
0.24848810
0.74282762
1.23862818
1.73214188
2.21951855
2.69681960
3.16003076
3.60507347
4.02781514
4.42407893
4.78965447
5.12031224
5.41182619
5.66001169
5.86078858
6.01028224
6.10497695
6.14193401
6.11907904
6.03554571
5.89203658
5.69112942
5.43743274
5.13749278
4.79939359
4.43206961
4.04444406
3.64457375
3.23898718
2.83234222
2.42743151
2.02547124
1.62655661
1.23016032
0.83557861
0.44227003
0.05007062
-0.34070351
-0.72924118
-1.11427930
-1.49417757
-1.86700441
-2.23062064
-2.58275374
-2.92106020
-3.24317626
-3.54675885
-3.82951907
-4.08925007
-4.32385108
-4.53134866
-4.70991586
-4.85788974
-4.97378742
-5.05632088
-5.10441021
-5.11719569
-5.09404827
-5.03457858
-4.93864447
-4.80635679
-4.63808360
-4.43445266
-4.19635219
-3.92492987
-3.62159016
-3.28798985
-2.92603198
-2.53785815
-2.12583922
-1.69256470
-1.24083074
-0.77362702
-0.29412269
0.19434848
0.68830328
1.18412459
1.67807665
2.16631982
2.64492462
3.10988451
3.55712749
3.98252642
4.38190886
4.75106752
5.08577405
5.38180055
5.63495528
5.84114246
5.99645840
6.09733849
6.14076770
6.12456051
6.04769987
5.91069895
5.71591800
5.46774144
5.17251617
4.83818615
4.47363267
4.08782387
3.68894919
3.28372843
2.87703104
2.47184496
2.06953943
1.67030840
1.27366965
0.87892004
0.48548750
0.09315967
-0.29780221
-0.68664015
-1.07213748
-1.45269126
-1.82639773
-2.19113670
-2.54464707
-2.88459044
-3.20860312
-3.51433802
-3.79949881
-4.06186838
-4.29933322
-4.50990491
-4.69173949
-4.84315515
-4.96264849
-5.04890934
-5.10083430
-5.11753888
-5.09836818
-5.04290607
-4.95098288
-4.82268140
-4.65834122
-4.45856149
-4.22420176
-3.95638129
-3.65647646
-3.32611658
-2.96717794
-2.58177632
-2.17225785
-1.74118856
-1.29134249
-0.82568869
-0.34737727
0.14027534
0.63380164
1.12959848
1.62394240
2.11300452
2.59286456
3.05952390
3.50891718
3.93692288
4.33937304
4.71206361
5.05076772
5.35125597
5.60933027
5.82088034
5.98197522
6.08900392
6.13887847
6.12930640
6.05912431
5.92865998
5.74005836
5.49747909
5.20706533
4.87661283
4.51493927
4.13104705
3.73324971
3.32845372
2.92173978
2.51629444
2.11364549
1.71409176
1.31720168
0.92227702
0.52871785
0.13626475
-0.25487568
-0.64399909
-1.02993613
-1.41112228
-1.78568264
-2.15151692
-2.50637620
-2.84792783
-3.17380868
-3.48166805
-3.76920255
-4.03418510
-4.27448968
-4.48811313
-4.67319471
-4.82803395
-4.95110706
-5.04108194
-5.09683181
-5.11744756
-5.10224853
-5.05079194
-4.96288068
-4.83856949
-4.67816959
-4.48225146
-4.25164603
-3.98744407
-3.69099386
-3.36389712
-3.00800333
-2.62540233
-2.21841540
-1.78958493
-1.34166269
-0.87759695
-0.40051862
0.08627345
0.57932761
1.07505489
1.56974432
2.05957791
2.54064479
3.00895434
3.46044803
3.89101003
4.29647700
4.67264831
5.01529876
5.32019790
5.58314192
5.80000717
5.96683707
6.07997672
6.13626855
6.13331713
6.06981723
5.94591525
5.76354332
5.52663604
5.24112878
4.91466140
4.55597764
4.17410336
3.77746739
3.37315772
2.96646556
2.56077901
2.15778974
1.75790762
1.36075739
0.96565018
0.57196111
0.17938521
-0.21192520
-0.60131984
-0.98767759
-1.36947333
-1.74486207
-2.11176439
-2.46794429
-2.81107553
-3.13879608
-3.44875202
-3.73863325
-4.00620301
-4.24932307
-4.46597575
-4.65428373
-4.81252809
-4.93916484
-5.03284010
-5.09240387
-5.11692253
-5.10568981
-5.05823635
-4.97433766
-4.85402054
-4.69756781
-4.50552135
-4.27868342
-4.01811630
-3.72514009
-3.40132889
-3.04850525
-2.66873297
-2.26430836
-1.83775003
-1.39178733
-0.92934757
-0.45354226
0.03234748
0.52488605
1.02049884
1.51548755
2.00604527
2.48827067
2.95818131
3.41172559
3.84479348
4.25322642
4.63282730
4.97937286
5.28863195
5.55639571
5.77852811
5.95104860
6.07026073
6.13294049
6.13659357
6.07977729
5.96246080
5.78636618
5.55520301
5.27469535
4.95231975
4.59673593
4.21698237
3.82159402
3.41783483
3.01120522
2.60529750
2.20197237
1.80175684
1.40433775
1.00904016
0.61521737
0.22252049
-0.16895201
-0.55860425
-0.94536414
-1.32774706
-1.70393895
-2.07188216
-2.42935447
-2.77403669
-3.10356841
-3.41559292
-3.70779378
-3.97792486
-4.22383595
-4.44349511
-4.63500867
-4.79663945
-4.92682344
-5.02418514
-5.08755150
-5.11596452
-5.10869242
-5.06523936
-4.98535357
-4.86903394
-4.71653494
-4.52836985
-4.30531229
-4.04839598
-3.75891283
-3.43840924
-3.08868075
-2.71176500
-2.30993321
-1.88568007
-1.44171234
-0.98093623
-0.50644367
-0.02149787
0.47048182
0.96593534
1.46117725
1.95241186
2.43574756
2.90721024
3.36275534
3.79827879
4.20962688
4.59260620
4.94299562
5.25656368
5.52909702
5.75644826
5.93461443
6.05985975
6.12889694
6.13913668
6.08900329
5.97829290
5.80852044
5.58317094
5.30775393
4.98957577
4.63720220
4.25967345
3.86562114
3.46247914
3.05595538
2.64984861
2.24619348
1.84564026
1.44794374
1.05244769
0.65848681
0.26567008
-0.12595726
-0.51585406
-0.90299804
-1.28594610
-1.66291614
-2.03187329
-2.39060988
-2.73681447
-3.06812879
-3.38219382
-3.67668709
-3.94935344
-4.19803095
-4.42067366
-4.61537176
-4.78037001
-4.91408457
-5.01511851
-5.08227585
-5.11457435
-5.11125687
-5.07180115
-4.99592824
-4.88360918
-4.73507012
-4.55079578
-4.33153109
-4.07828124
-3.79230987
-3.47513563
-3.12852694
-2.75449522
-2.35528646
-1.93337128
-1.49143372
-1.03235870
-0.55921841
-0.07525795
0.41611977
0.91136939
1.40681854
1.89868292
2.38308082
2.85604656
3.31354281
3.75147153
4.16568399
4.55199065
4.90617269
5.22399867
5.50125132
5.73377284
5.91753927
6.04877775
6.12414071
6.14094768
6.09749435
5.99340813
5.82999996
5.61053102
5.34029365
5.02641740
4.67736440
4.30216576
3.90954001
3.50708447
3.10071238
2.69443077
2.29045302
1.88955865
1.49157636
1.09587350
0.70176964
0.30883356
-0.08294205
-0.47307097
-0.86058150
-1.24407303
-1.62179652
-1.99174081
-2.35171365
-2.69941202
-3.03248035
-3.34855775
-3.64531612
-3.92049154
-4.17191069
-4.39751381
-4.59537519
-4.76372172
-4.90094994
-5.00564162
-5.07657804
-5.11275286
-5.11338365
-5.07792191
-5.00606152
-4.89774575
-4.75317251
-4.57279791
-4.35733827
-4.10777018
-3.82532898
-3.51150550
-3.16804098
-2.79692048
-2.40036466
-1.98081994
-1.54094749
-1.08361075
-0.61186202
-0.12892810
0.36180471
0.85680597
1.35241653
1.84486369
2.33027577
2.80469571
3.26409349
3.70437725
4.12140337
4.51098628
4.86890970
5.19094250
5.47286407
5.71050704
5.89982791
6.03701878
6.11867475
6.14202796
6.10524984
6.00780336
5.85079886
5.63727473
5.37230381
5.06283267
4.71721047
4.34444829
3.95334162
3.55164433
3.14547229
2.73904227
2.33475083
1.93351274
1.53523660
1.13931841
0.74506618
0.35201058
-0.03990740
-0.43025662
-0.81811666
-1.20213041
-1.58058292
-1.95148775
-2.31266891
-2.66183249
-2.99662622
-3.31468778
-3.61368382
-3.89134199
-4.14547783
-4.37401803
-4.57502120
-4.74669660
-4.88742129
-4.99575595
-5.07045926
-5.11050091
-5.11507334
-5.08360185
-5.01575329
-4.91144322
-4.77084130
-4.59437513
-4.38273235
-4.13686097
-3.85796800
-3.54751636
-3.20722004
-2.83903766
-2.44516439
-2.02802236
-1.59024968
-1.13468819
-0.66437010
-0.18250372
0.30754144
0.80225004
1.29797634
1.79095940
2.27733775
2.75316309
3.21441286
3.65700150
4.07679061
4.46959872
4.83121229
5.15740079
5.44394076
5.68665614
5.88148518
6.02458701
6.11250219
6.14237915
6.11226935
6.02147578
5.87091159
5.66339384
5.40377391
5.09880970
4.75672826
4.38650985
3.99701673
3.59615198
3.19023093
2.78368115
2.37908661
1.97750318
1.57892545
1.18278324
0.78837677
0.39520088
0.00314574
-0.38741258
-0.77560562
-1.16012074
-1.53927815
-1.91111711
-2.27347876
-2.62407904
-2.96056954
-3.28058698
-3.58179316
-3.86190762
-4.11873502
-4.35018879
-4.55431207
-4.72929667
-4.87350040
-4.98546301
-5.06392071
-5.10781942
-5.11632652
-5.08884124
-5.02500349
-4.92470116
-4.78807573
-4.61552632
