1.00000000
1.09401263
1.17624780
1.24689670
1.30595542
1.35330314
1.38876078
1.41213411
1.42324494
1.42195349
1.40817410
1.38188623
1.34314190
1.29207060
1.22888225
1.15386874
1.06740432
0.96994498
0.86202710
0.74426526
0.61734953
0.48204194
0.33917255
0.18963479
0.03438035
-0.12558641
-0.28921468
-0.45541364
-0.62305951
-0.79100282
-0.95807606
-1.12310160
-1.28489980
-1.44229728
-1.59413536
-1.73927847
-1.87662262
-2.00510374
-2.12370600
-2.23146978
-2.32749956
-2.41097137
-2.48113994
-2.53734542
-2.57901953
-2.60569126
-2.61699193
-2.61265951
-2.59254237
-2.55660214
-2.50491579
-2.43767687
-2.35519580
-2.25789928
-2.14632858
-2.02113700
-1.88308616
-1.73304130
-1.57196555
-1.40091318
-1.22102189
-1.03350419
-0.83963795
-0.64075630
-0.43823694
-0.23349110
-0.02795227
0.17693506
0.37972646
0.57898830
0.77330794
0.96130332
1.14163188
1.31299875
1.47416430
1.62395104
1.76125004
1.88502691
1.99432748
2.08828322
2.16611649
2.22714558
2.27078963
2.29657325
2.30413091
2.29321088
2.26367878
2.21552048
2.14884442
2.06388319
1.96099433
1.84066025
1.70348739
1.55020435
1.38165922
1.19881594
1.00274980
0.79464200
0.57577338
0.34751733
0.11133181
-0.13124924
-0.37862535
-0.62913952
-0.88108888
-1.13273580
-1.38231958
-1.62806841
-1.86821172
-2.10099271
-2.32468109
-2.53758581
-2.73806781
-2.92455268
-3.09554308
-3.24963087
-3.38550894
-3.50198246
-3.59797971
-3.67256218
-3.72493400
-3.75445058
-3.76062637
-3.74314162
-3.70184818
-3.63677410
-3.54812712
-3.43629674
-3.30185504
-3.14555590
-2.96833267
-2.77129412
-2.55571850
-2.32304569
-2.07486722
-1.81291414
-1.53904267
-1.25521772
-0.96349424
-0.66599694
-0.36489851
-0.06239704
0.23930666
0.53803108
0.83163455
1.11803354
1.39521808
1.66126403
1.91434213
2.15272416
2.37478675
2.57901363
2.76399718
2.92844010
3.07115770
3.19108146
3.28726368
3.35888345
3.40525343
3.42582720
3.42020668
3.38814920
3.32957395
3.24456740
3.13338752
2.99646678
2.83441363
2.64801261
2.43822300
2.20617601
1.95317057
1.68066772
1.39028363
1.08378141
0.76306149
0.43015102
0.08719196
-0.26357183
-0.61980842
-0.97911267
-1.33902180
-1.69703169
-2.05061384
-2.39723281
-2.73436401
-3.05951187
-3.37022806
-3.66412987
-3.93891843
-4.19239676
-4.42248757
-4.62725051
-4.80489906
-4.95381656
-5.07257172
-5.15993313
-5.21488289
-5.23662929
-5.22461830
-5.17854403
-5.09835790
-4.98427657
-4.83678847
-4.65665894
-4.44493378
-4.20294092
-3.93229018
-3.63487047
-3.31284404
-2.96863692
-2.60492479
-2.22461302
-1.83080983
-1.42679146
-1.01595854
-0.60178392
-0.18775276
0.22270226
0.62626671
1.01980575
1.40041509
1.76545646
2.11257402
2.43969098
2.74498886
3.02687438
3.28394047
3.51492817
3.71869500
3.89419327
4.04045984
4.15661661
4.24187976
4.29557500
4.31715603
4.30622376
4.26254445
4.18606554
4.07692866
3.93547942
3.76227431
3.55808465
3.32389804
3.06091750
2.77055835
2.45444324
2.11439526
1.75242929
1.37074177
0.97169876
0.55782265
0.13177734
-0.30364778
-0.74555522
-1.19095769
-1.63679762
-2.07996736
-2.51733025
-2.94574231
-3.36207433
-3.76323442
-4.14619064
-4.50799379
-4.84580006
-5.15689349
-5.43870801
-5.68884904
-5.90511447
-6.08551489
-6.22829300
-6.33194210
-6.39522368
-6.41718392
-6.39716925
-6.33484090
-6.23018858
-6.08354324
-5.89558922
-5.66737576
-5.40032810
-5.09625802
-4.75737387
-4.38628944
-3.98603072
-3.56003862
-3.11216476
-2.64665580
-2.16812056
-1.68147286
-1.19184318
-0.70445470
-0.22446447
0.24322112
0.69413692
1.12442813
1.53096794
1.91140048
2.26410117
2.58806520
2.88275001
3.14790446
3.38341452
3.58918536
3.76506821
3.91083005
4.02615781
4.11068622
4.16403855
4.18587171
4.17591951
4.13403049
4.06019883
3.95458804
3.81754805
3.64962676
3.45157692
3.22435933
2.96914289
2.68730227
2.38041332
2.05024646
1.69875848
1.32808253
0.94051660
0.53851063
0.12465210
-0.29834955
-0.72767972
-1.16043652
-1.59364967
-2.02430014
-2.44934062
-2.86571658
-3.27038775
-3.66034997
-4.03265725
-4.38444387
-4.71294639
-5.01552541
-5.28968710
-5.53310406
-5.74363571
-5.91934795
-6.05853193
-6.15972197
-6.22171256
-6.24357422
-6.22466851
-6.16466181
-6.06353831
-5.92161190
-5.73953729
-5.51832033
-5.25932753
-4.96429479
-4.63533512
-4.27494484
-3.88600722
-3.47179195
-3.03594799
-2.58248590
-2.11574521
-1.64034123
-1.16108614
-0.68288121
-0.21058091
0.25116339
0.69806524
1.12634878
1.53285473
1.91508752
2.27119541
2.59988958
2.90032079
3.17193903
3.41436102
3.62726393
3.81031496
3.96313725
4.08530710
4.17637386
4.23589341
4.26346750
4.25878283
4.22164633
4.15201450
4.05001649
3.91597100
3.75039796
3.55402566
3.32779424
3.07285606
2.79057361
2.48251513
2.15044825
1.79633186
1.42230624
1.03068161
0.62392522
0.20464697
-0.22441627
-0.66041751
-1.10041769
-1.54140471
-1.98031330
-2.41404573
-2.83949313
-3.25355728
-3.65317282
-4.03532964
-4.39709542
-4.73563797
-5.04824758
-5.33235883
-5.58557205
-5.80567418
-5.99065887
-6.13874583
-6.24839927
-6.31834536
-6.34758877
-6.33542806
-6.28147022
-6.18564413
-6.04821320
-5.86978718
-5.65133335
-5.39418698
-5.10006138
-4.77105703
-4.40966966
-4.01879624
-3.60173720
-3.16219249
-2.70424734
-2.23234278
-1.75122464
-1.26586461
-0.78134900
-0.30273486
0.16511967
0.61773449
1.05117253
1.46216287
1.84815905
2.20732148
2.53842959
2.84074452
3.11385127
3.35750907
3.57153122
3.75570515
3.90975351
4.03333011
4.12604094
4.18748039
4.21727356
4.21511848
4.18082396
4.11434113
4.01578816
3.88546834
3.72388263
3.53173739
3.30994830
3.05964107
2.78214959
2.47901181
2.15196359
1.80293077
1.43401954
1.04750523
0.64581962
0.23153679
-0.19264227
-0.62390630
-1.05935154
-1.49600050
-1.93082157
-2.36074950
-2.78270640
-3.19362337
-3.59046240
-3.97023857
-4.33004229
-4.66706154
-4.97860390
-5.26211825
-5.51521602
-5.73569185
-5.92154361
-6.07099152
-6.18249652
-6.25477757
-6.28682800
-6.27793087
-6.22767326
-6.13595960
-6.00302403
-5.82944202
-5.61614108
-5.36441091
-5.07591273
-4.75268788
-4.39716503
-4.01216534
-3.60090399
-3.16698563
-2.71439034
-2.24744529
-1.77077642
-1.28923451
-0.80779113
-0.33140432
0.13514040
0.58739923
1.02142833
1.43390560
1.82219411
2.18433533
2.51897550
2.82524251
3.10259944
3.35070194
3.56928036
3.75805852
3.91671126
4.04485595
4.14206947
4.20792099
4.24201198
4.24401705
4.21372113
4.15105093
4.05609979
3.92914617
3.77066655
3.58134356
3.36207024
3.11395107
2.83830041
2.53663857
2.21068587
1.86235494
1.49374118
1.10711173
0.70489288
0.28965603
-0.13589765
-0.56895378
-1.00660251
-1.44585727
-1.88367441
-2.31697368
-2.74265929
-3.15764160
-3.55885912
-3.94330082
-4.30802850
-4.65019916
-4.96708721
-5.25610635
-5.51483101
-5.74101727
-5.93262300
-6.08782731
-6.20504913
-6.28296474
-6.32052443
-6.31696805
-6.27183964
-6.18500097
-6.05664425
-5.88730398
-5.67786806
-5.42958825
-5.14408998
-4.82338150
-4.46986180
-4.08632673
-3.67597173
-3.24238893
-2.78955509
-2.32180562
-1.84378876
-1.36039394
-0.87664918
-0.39758650
0.07191969
0.52732737
0.96459334
1.38030466
1.77175130
2.13692621
2.47445445
2.78346852
3.06345690
3.31411424
3.53521616
3.72653155
3.88777533
4.01859709
4.11859678
4.18735747
4.22448610
4.22965552
4.20264296
4.14336270
4.05189204
3.92849064
3.77361415
3.58792285
3.37228631
3.12778482
2.85570802
2.55755124
2.23500982
1.88997152
1.52450728
1.14086029
0.74143364
0.32877644
-0.09443132
-0.52539519
-0.96122379
-1.39894745
-1.83553764
-2.26792737
-2.69303210
-3.10777125
-3.50909021
-3.89398242
-4.25951176
-4.60283483
-4.92122307
-5.21208463
-5.47298577
-5.70167176
-5.89608705
-6.05439470
-6.17499497
-6.25654290
-6.29796498
-6.29847473
-6.25758734
-6.17513324
-6.05127077
-5.88649804
-5.68166392
-5.43797842
-5.15702242
-4.84075655
-4.49152904
-4.11208168
-3.70555264
-3.27547381
-2.82575956
-2.36068221
-1.88482869
-1.40303235
-0.92027505
-0.44155785
0.02825537
0.48460887
0.92342021
1.34121414
1.73520127
2.10328676
2.44400884
2.75642217
3.03995156
3.29424398
3.51904226
3.71409427
3.87910183
4.01370554
4.11749740
4.19005141
4.23096315
4.23989128
4.21659616
4.16097287
4.07307770
3.95314809
3.80161671
3.61912064
3.40650637
3.16483155
2.89536391
2.59957787
2.27914901
1.93594672
1.57202512
1.18961230
0.79109809
0.37902038
-0.04394998
-0.47502543
-0.91131919
-1.34986374
-1.78763030
-2.22154907
-2.64853020
-3.06548524
-3.46934915
-3.85710245
-4.22579358
-4.57256129
-4.89465679
-5.18946575
-5.45452978
-5.68756742
-5.88649447
-6.04944357
-6.17478288
-6.26113388
-6.30738817
-6.31272321
-6.27661713
-6.19886246
-6.07957899
-5.91922573
-5.71861210
-5.47890852
-5.20165625
-4.88877656
-4.54257892
-4.16576741
-3.76144421
-3.33310799
-2.88464405
-2.42030174
-1.94465348
-1.46252946
-0.97892253
-0.49886121
-0.02725428
0.43128136
0.87258973
1.29311600
1.68999309
2.06105827
2.40479769
2.72023287
3.00677403
3.26406917
3.49187293
3.68995069
3.85802280
3.99574598
4.10272361
4.17853530
4.22277626
4.23509925
4.21525391
4.16312076
4.07873848
3.96232464
3.81429048
3.63525051
3.42602806
3.18765726
2.92138233
2.62865433
2.31112596
1.97064435
1.60924216
1.22912703
0.83266951
0.42238953
0.00094151
-0.42890184
-0.86426675
-1.30219687
-1.73967253
-2.17363092
-2.60098696
-3.01865472
-3.42356926
-3.81270883
-4.18311716
-4.53192580
-4.85637633
-5.15384230
-5.42185079
-5.65810338
-5.86049662
-6.02714154
-6.15638254
-6.24681514
-6.29730296
-6.30699348
-6.27533297
-6.20208027
-6.08731971
-5.93147315
-5.73531118
-5.49996371
-5.22692985
-4.91808706
-4.57569939
-4.20242397
-3.80131481
-3.37582172
-2.92978138
-2.46739627
-1.99319605
-1.51197522
-1.02870187
-0.54839467
-0.07597114
0.38392245
0.82708040
1.24988132
1.64938107
2.02333739
2.37016263
2.68881659
2.97866339
3.23932078
3.47052687
3.67204047
3.84358113
3.98480673
4.09532096
4.17470089
4.22253553
4.23846746
4.22223256
4.17369449
4.09287264
3.97996357
3.83535629
3.65964245
3.45362224
3.21830673
2.95491744
2.66488337
2.34983598
2.01160219
1.65219566
1.27380646
0.87878907
0.46964907
0.04902837
-0.38031086
-0.81550335
-1.25359901
-1.69158223
-2.12639189
-2.55494220
-2.97414407
-3.38092697
-3.77226106
-4.14517951
-4.49680086
-4.82435127
-5.12518650
-5.39681355
-5.63691171
-5.84335310
-6.01422232
-6.14783542
-6.24275782
-6.29782132
-6.31214015
-6.28512583
-6.21650126
-6.10631365
-5.95494669
-5.76313191
-5.53195934
-5.26288746
-4.95775259
-4.61877720
-4.24857680
-3.85016416
-3.42694897
-2.98273008
-2.52167610
-2.04828898
-1.56734462
-1.08380471
-0.60269699
-0.12896576
0.33269763
0.77802603
1.20332493
1.60557241
1.98245185
2.33231187
2.65406416
2.94704218
3.21084927
3.44522194
3.64992566
3.82469041
3.96918443
4.08301894
4.16577421
4.21703736
4.23644418
4.22371931
4.17871144
4.10142213
3.99202792
3.85089627
3.67859629
3.47590507
3.24381039
2.98351053
2.69641164
2.38412283
2.04844948
1.69138465
1.31509892
0.92192861
0.51436257
0.09502758
-0.33332753
-0.76784898
-1.20559618
-1.64356090
-2.07868720
-2.50789221
-2.92808742
-3.33620047
-3.72919726
-4.10410426
-4.45803084
-4.78819156
-5.09192815
-5.36673117
-5.61026120
-5.82036931
-5.99511692
-6.13279477
-6.23194095
-6.29135807
-6.31012929
-6.28763342
-6.22355899
-6.11791736
-5.97105493
-5.78366453
-5.55679618
-5.29186712
-4.99067117
-4.65538720
-4.28858616
-3.89323561
-3.47269999
-3.03073375
-2.57146347
-2.09935357
-1.61914973
-1.13579428
-0.65431004
-0.17965413
0.28344975
0.73068307
1.15828435
1.56315534
1.94290160
2.29580042
2.62070482
2.91690567
3.18397995
3.42165173
3.62968403
3.80781003
3.95570292
4.07297763
4.15921490
4.21399816
4.23695515
4.22779840
4.18636107
4.11262642
4.00675065
3.86907948
3.70015939
3.50074436
3.27179900
3.01449862
2.73022683
2.42057092
2.08731533
1.73243324
1.35807661
0.96656456
0.56037032
0.14210676
-0.28548935
-0.71957431
-1.15721555
-1.59541061
-2.03110714
-2.46122346
-2.88266987
-3.29237040
-3.68728489
-4.06443128
-4.42090794
-4.75391601
-5.06078139
-5.33897650
-5.58614145
-5.80010469
-5.97890290
-6.12080005
-6.22430560
-6.28819172
-6.31150948
-6.29360405
-6.23412890
-6.13305899
-5.99070311
-5.80771537
-5.58510601
-5.32425152
-5.02690413
-4.69520040
-4.33166846
-3.93923293
-3.52121579
-3.08133052
-2.62366569
-2.15265277
-1.67301228
-1.18967249
-0.70765664
-0.23193960
0.23271831
0.68194403
1.11190729
1.51943316
1.90205046
2.25796749
2.58598195
2.88534609
3.15561489
3.39650433
3.60777911
3.78917941
3.94038671
4.06102244
4.15067019
4.20891164
4.23536801
4.22974094
4.19184899
4.12165782
4.01930381
3.88511127
3.71960423
3.52351366
3.29778091
3.04355813
2.76220613
2.45528996
2.12457260
1.77200675
1.39972502
1.01002854
0.60537398
0.18835930
-0.23829187
-0.67174708
-1.10908297
-1.54730422
-1.98336336
-2.41418134
-2.83666872
-3.24774738
-3.64437259
-4.02355523
-4.38238422
-4.71804874
-5.02786035
-5.30927473
-5.55991294
-5.77758215
-5.96029555
-6.10629157
-6.21405214
-6.28232003
-6.31011514
-6.29674982
-6.24184315
-6.14533426
-6.00749475
-5.82894025
-5.61064130
-5.35393355
-5.06052732
-4.73251624
-4.37238474
-3.98301323
-3.56767951
-3.13005382
-2.67418380
-2.20446428
-1.72558616
-1.24245834
-0.76009860
-0.28349344
0.18256615
0.63365750
1.06588493
1.47599805
1.86144793
2.22037082
2.55150456
2.85405754
3.12755743
3.37170739
3.58626997
3.77098946
3.92555360
4.04958911
4.14268170
4.20441095
4.23439143
4.23231388
4.19798222
4.13134459
4.03251755
3.90180402
3.73970560
3.54693024
3.32439608
3.07323220
2.79477665
2.49057237
2.16236100
1.81207492
1.44182762
1.05390242
0.65073970
0.23492281
-0.19083747
-0.62371960
-1.06080910
-1.49911739
-1.93560149
-2.36718456
-2.79077699
-3.20329809
-3.60169809
-3.98298041
-4.34422401
-4.68260569
-4.99542222
-5.28011212
-5.53427697
-5.75570223
-5.94237724
-6.09251454
-6.20456819
-6.27725127
-6.30955224
-6.30075042
-6.25043037
-6.15849528
-6.02517952
-5.85106029
-5.63706858
-5.38449944
-5.09502157
-4.77068621
-4.41393466
-4.02760387
-3.61492837
-3.17953615
-2.72543501
-2.25698430
-1.77884635
-1.29591168
-0.81319330
-0.33568976
0.13177710
0.58473515
1.01922350
1.43191654
1.82018772
2.18210125
2.51633516
2.82205406
3.09875867
3.34613988
3.56395891
3.75196519
3.90985390
4.03725820
4.13376706
4.19895898
4.23244276
4.23389896
4.20311751
4.14002942
4.04473178
3.91750634
3.75883241
3.56939500
3.35008903
3.10202041
2.82650433
2.52506142
2.19941177
1.85146717
1.48332163
1.09724030
0.69564686
0.28110958
-0.14367412
-0.57589412
-1.01264540
-1.45094671
-1.88776020
-2.32001189
-2.74461265
-3.15847991
-3.55855955
-3.94184820
-4.30541558
-4.64642680
-4.96216449
-5.25005068
-5.50766814
-5.73278123
-5.92335606
-6.07757980
-6.19387920
-6.27093812
-6.30771406
-6.30345371
-6.25770742
-6.17034277
-6.04155715
-5.87188952
-5.66223143
-5.41383736
-5.12833445
-4.80773133
-4.45442600
-4.07121153
-3.66127859
-3.22821211
-2.77597887
-2.30890111
-1.83161058
-1.34897679
-0.86600493
-0.38770216
0.08108227
0.53582987
0.97251682
1.38774339
1.77880519
2.14369285
2.48102208
2.78991074
3.06982956
3.32045455
3.54154356
3.73284973
3.89407489
4.02485831
4.12479222
4.19345421
4.23044760
4.23544305
4.20821673
4.14868276
4.05691891
3.93318586
3.77794070
3.59184553
3.37577209
3.13080309
2.85823090
2.55955380
2.23647032
1.89087163
1.52483225
1.14059912
0.74057921
0.32732565
-0.09647747
-0.52803154
-0.96444099
-1.40273194
-1.83987172
-2.27278918
-2.69839576
-3.11360698
-3.51536443
-3.90065797
-4.26654809
-4.61018822
-4.92884691
-5.21992969
-5.48100055
-5.70980278
-5.90427924
-6.06259179
-6.18313989
-6.26457820
-6.30583329
-6.30611924
-6.26495229
-6.18216444
-6.05791618
-5.89270833
-5.68739311
-5.44318462
-5.16166855
-4.84481122
-4.49496749
-4.11488689
-3.70771646
-3.27699831
-2.82665838
-2.36098185
-1.88456966
-1.40226986
-0.91907900
-0.44001179
0.03005648
0.48656227
0.92541996
1.34315638
1.73698928
2.10483522
2.44524659
2.75729332
3.04041505
3.29427210
3.51861851
3.71321114
3.87775873
4.01190723
4.11525278
4.18737273
4.22786559
4.23639268
4.21271689
4.15673580
4.06850813
3.94827371
3.79646752
3.61372881
3.40090614
3.15905904
2.88945691
2.59357565
2.27309206
1.92987652
1.56598387
1.18364263
0.78524279
0.37332210
-0.04944904
-0.48028380
-0.91629643
-1.35452077
-1.79192967
-2.22545527
-2.65200990
-3.06850764
-3.47188617
-3.85912901
-4.22728782
-4.57350478
-4.89503475
-5.18926718
-5.45374764
-5.68619876
-5.88454050
-6.04690976
-6.17167900
-6.25747404
-6.30319076
-6.30801091
-6.27141683
-6.19320517
-6.07349970
-5.91276323
-5.71180883
-5.47181028
-5.19431191
-4.88123774
-4.53489951
-4.15800306
-3.75365163
-3.32534416
-2.87696515
-2.41276191
-1.93730332
-1.45541436
-0.97208087
-0.49232269
-0.02103857
0.43716532
0.87814353
1.29835052
1.69492634
2.06571246
2.40919622
2.72439740
3.01072235
3.26781371
3.49542024
3.69330157
3.86117298
3.99868700
4.10544392
4.18102126
4.22501311
4.23707187
4.21694750
4.16452134
4.07983328
3.96310242
3.81474174
3.63536771
3.42580572
3.18709209
2.92047329
2.62740270
2.30953540
1.96872087
1.60699418
1.22656532
0.82980720
0.41924201
-0.00247360
-0.43256479
-0.86815576
-1.30628824
-1.74394079
-2.17804898
-2.60552625
-3.02328538
-3.42826036
-3.81742851
-4.18783291
-4.53660463
-4.86098503
-5.15834767
-5.42621986
-5.66230372
-5.86449652
-6.03091031
-6.15989075
-6.25003489
-6.30020811
-6.30955996
-6.27753899
-6.20390662
-6.08875001
-5.93249412
-5.73591295
-5.50014011
-5.22667870
-4.91741058
-4.57460448
-4.20092268
-3.79942473
-3.37356636
-2.92719058
-2.46450646
-1.99005031
-1.50862311
-1.02519876
-0.54480060
-0.07234906
0.38750891
0.83056954
1.25321592
1.65251052
2.02621919
2.37276294
2.69110988
2.98063140
3.24095115
3.47181168
3.67297492
3.84416258
3.98503408
4.09519432
4.17422152
4.22170592
4.23729152
4.22071580
4.17184418
4.09069800
3.97747582
3.83256876
3.65657054
3.45028343
3.21472052
2.95110529
2.66086857
2.34564356
2.00725876
1.64772928
1.26924646
0.87416588
0.46499402
0.04437348
-0.38493307
-0.82006009
-1.25805745
-1.69590970
-2.13055616
-2.55891168
-2.97788806
-3.38441589
-3.77546667
-4.14807513
-4.49936163
-4.82655430
-5.12701114
-5.39824150
-5.63792728
-5.84394332
-6.01437713
-6.14754778
-6.24202384
-6.29664039
-6.31051496
-6.28306254
-6.21400948
-6.10340651
-5.95164086
-5.75944761
-5.52792029
-5.25852091
-4.95308919
-4.61385097
-4.24342494
-3.84482687
-3.42146915
-2.97715291
-2.51604844
-2.04265859
-1.56175910
-1.07831023
-0.59733684
-0.12377877
0.33767848
0.78277470
1.20782276
1.60980792
1.98641972
2.33601145
2.65749761
2.95021268
3.21375952
3.44787313
3.65231690
3.82681864
3.97104469
4.08460482
4.16707842
4.21805233
4.23716262
4.22413469
4.17881838
4.10121671
3.99150789
3.85006127
3.67744794
3.47444703
3.24204843
2.98145256
2.69406768
2.38150501
2.04557197
1.68826365
1.31175252
0.91837676
0.51062695
0.09113147
-0.33735938
-0.77199049
-1.20982011
-1.64783900
-2.08299043
-2.51219089
-2.93235146
-3.34039956
-3.73330109
-4.10808272
-4.46185429
-4.79183098
-5.09535540
-5.36991924
-5.61318437
-5.82300341
-5.99743953
-6.13478541
-6.23358133
-6.29263222
-6.31102380
-6.28813762
-6.22366511
-6.11762071
-5.97035405
-5.78256141
-5.55529639
-5.28997999
-4.98840995
-4.65276926
-4.28563315
-3.88997363
-3.46915967
-3.02695038
-2.56747687
-2.09520790
-1.61489297
-1.13147738
-0.64998575
-0.17537537
0.28763170
0.73472056
1.16213509
1.56678366
1.94627907
2.29890564
2.62352261
2.91942577
3.18619561
3.42355839
3.63127826
3.80908889
3.95666363
4.07361750
4.15953153
4.21398973
4.23662072
4.22713824
4.18537693
4.11132175
4.00513076
3.86715168
3.69793301
3.49823082
3.26901176
3.01145319
2.72694068
2.41706345
2.08360770
1.72854834
1.35403889
0.96239990
0.55610587
0.13777078
-0.28986767
-0.72396504
-1.16158820
-1.59973437
-2.03535104
-2.46535664
-2.88666178
-3.29619100
-3.69090489
-4.06782236
-4.42404298
-4.75676930
-5.06332884
-5.34119583
-5.58801243
-5.80160927
-5.98002544
-6.12152747
-6.22462754
-6.28810066
-6.31100093
-6.29267661
-6.23278442
-6.13130263
-5.98854344
-5.80516444
-5.58217942
-5.32096848
-5.02328749
-4.69127667
-4.32746781
-3.93478915
-3.51656616
-3.07651566
-2.61872917
-2.14764059
-1.66797213
-1.18465265
-0.70270472
-0.22710094
0.23740223
0.68643707
1.11617981
1.52346245
1.90582058
2.26146838
2.58920808
2.88829483
3.15828504
3.39889484
3.60988830
3.79100454
3.94192393
4.06226704
4.15161698
4.20955539
4.23570396
4.22976520
4.19155888
4.12105219
4.01838324
3.88387823
3.71806318
3.52167110
3.29564544
3.04114043
2.75951895
2.45234808
2.12139275
1.76860756
1.39612692
1.00625363
0.60144592
0.18430320
-0.24244965
-0.67597905
-1.11336071
-1.55159856
-1.98764455
-2.41841928
-2.84083314
-3.25180808
-3.64829963
-4.02731917
-4.38595632
-4.72140119
-5.03096648
-5.31210925
-5.56245213
-5.77980406
-5.96218021
-6.10782119
-6.21521130
-6.28309581
-6.31049735
-6.29673112
-6.24141921
-6.14450392
-6.00626012
-5.82730687
-5.60861827
-5.35153362
-5.05776703
-4.72941605
-4.36896909
-3.97931066
-3.56372267
-3.12587946
-2.66983258
-2.19998049
-1.72101714
-1.23785362
-0.75550869
-0.27896832
0.18697872
0.63791381
1.06994685
1.47983405
1.86503353
2.22368819
2.55454159
2.85680647
3.13001339
3.37386706
3.58813059
3.77254817
3.92680722
4.05053413
4.14331453
4.20472826
4.23439054
4.23199311
4.19734124
4.13038463
4.03124164
3.90021712
3.73781466
3.54474428
3.32192621
3.07049156
2.79178043
2.48733770
2.15890691
1.80842224
1.43799885
1.04992162
0.64663237
0.23071570
-0.19511650
-0.62804177
-1.06514487
-1.50343668
-1.93987389
-2.37137950
-2.79486399
-3.20724695
-3.60547913
-3.98656469
-4.34758354
-4.68571366
-4.99825318
-5.28264223
-5.53648421
-5.75756657
-5.94388084
-6.09364192
-6.20530642
-6.27759011
-6.30948432
-6.30027135
-6.24953887
-6.15719332
-6.02347239
-5.84895676
-5.63458092
-5.38164354
-5.09181704
-4.76715640
-4.41010671
-4.02350875
-3.61060081
-3.17501458
-2.72076126
-2.25220321
-1.77400519
-1.29105915
-0.80837836
-0.33096010
0.13637669
0.58916443
1.02344815
1.43590899
1.82392733
2.18557377
2.51953159
2.82496919
3.10138955
3.34848452
3.56601529
3.75373066
3.91132505
4.03843091
4.13463686
4.19952137
4.23269374
4.23383535
4.20273737
4.13933230
4.04371896
3.91618098
3.75719965
3.56746202
3.34786511
3.09951687
2.82373459
2.52204087
2.19615778
1.84799895
1.47966017
1.09340822
0.69166835
0.27701017
-0.14786763
-0.58015390
-1.01694270
-1.45525209
-1.89204371
-2.32424327
-2.74876156
-3.16251610
-3.56245313
-3.94556981
-4.30893665
-4.64971972
-4.96520290
-5.25280962
-5.51012428
-5.73491310
-5.92514419
-6.07900695
-6.19493055
-6.27160141
-6.30797977
-6.30331520
-6.25716110
-6.16938820
-6.04019717
-5.87013040
-5.66008296
-5.41131295
-5.12545123
-4.80451029
-4.45089200
-4.06739341
-3.65720916
-3.22392812
-2.77152083
-2.30431298
-1.82693921
-1.34427109
-0.86131472
-0.38307674
0.08559584
0.54018847
0.97668282
1.39168570
1.78249969
2.14712211
2.48417440
2.79277878
3.07240887
3.32274220
3.54353707
3.73454641
3.89547153
4.02595121
4.12557744
4.19392787
4.23060633
4.23528438
4.20773940
4.14788702
4.05580674
3.93176113
3.77620927
3.58981530
3.37345303
3.12820725
2.85537236
2.55644866
2.23313658
1.88732914
1.52110259
1.13670551
0.73654635
0.32317957
-0.10070954
-0.53232135
-0.96875947
-1.40704937
-1.84415791
-2.27701372
-2.70252820
-3.11761705
-3.51922225
-3.90433431
-4.27001453
-4.61341741
-4.93181278
-5.22260766
-5.48336773
-5.71183817
-5.90596395
-6.06390921
-6.18407583
-6.26512113
-6.30597444
-6.30585276
-6.26427540
-6.18107753
-6.05642296
-5.89081590
-5.68511211
-5.44052928
-5.15865680
-4.84146475
-4.49131185
-4.11095148
-3.70353457
-3.27260702
-2.82209838
-2.35629712
-1.87980689
-1.39747765
-0.91430668
-0.43530802
0.03464538
0.49099399
0.92965771
1.34716992
1.74075536
2.10833719
2.44847349
2.76023847
3.04307457
3.29664350
3.52069961
3.71499939
3.87925093
4.01309954
4.11614095
4.18795252
4.22813313
4.23634491
4.21235191
4.15605318
4.06750914
3.94696144
3.79484707
3.61180730
3.39869276
3.15656506
2.88669567
2.59056248
2.26984426
1.92641325
1.56232606
1.17981288
0.78126524
0.36922225
-0.05364441
-0.48454684
-0.92059842
-1.35883224
-1.79622066
-2.22969549
-2.65616897
-3.07255526
-3.47579237
-3.86286436
-4.23082367
-4.57681344
-4.89808975
-5.19204345
-5.45622173
-5.68834904
-5.88634739
-6.04835588
-6.17274935
-6.25815619
-6.30347502
-6.30789046
-6.27088786
-6.19226702
-6.07215499
-5.91101799
-5.70967256
-5.46929609
-5.19143662
-4.87802194
-4.53136767
-4.15418356
-3.74957680
-3.32105020
-2.87249203
-2.40815302
-1.93260501
-1.45067512
-0.96735027
-0.48764997
-0.01647101
0.44158414
0.88237526
1.30236325
1.69869508
2.06921901
2.41242825
2.72734722
3.01338532
3.27018692
3.49750132
3.69508797
3.86266159
3.99987415
4.10632556
4.18159333
4.22527192
4.23701452
4.21657225
4.16382787
4.07882296
3.96177847
3.81310934
3.63343409
3.42358016
3.18458596
2.91770000
2.62437770
2.30627605
1.96524644
1.60332567
1.22272543
0.82582012
0.41513336
-0.00667700
-0.43683502
-0.87246402
-1.31060502
-1.74823607
-2.18229242
-2.60968742
-3.02733397
-3.43216636
-3.82116250
-4.19136619
-4.53990954
-4.86403509
-5.16111781
-5.42868668
-5.66444561
-5.86629391
-6.03234588
-6.16094953
-6.25070452
-6.30047894
-6.30942522
-6.27699493
-6.20295263
-6.08738878
-5.93073170
-5.73375889
-5.49760753
-5.22378443
-4.91417518
-4.57105239
-4.19708221
-3.79532807
-3.36924958
-2.92269345
-2.45987216
-1.98532497
-1.50385500
-1.02043726
-0.54009483
-0.06774625
0.39196513
0.83484070
1.25726988
1.65632211
2.02977000
2.37604054
2.69410650
2.98334246
3.24337381
3.47394368
3.67481379
3.84570529
3.98627695
4.09613323
4.17485227
4.22202462
4.23729502
4.22040203
4.17121249
4.08974938
3.97621310
3.83099671
3.65469597
3.44811520
3.21226959
2.94838466
2.65789329
2.34243061
2.00382702
1.64409942
1.26544083
0.87020838
0.46090998
0.04018948
-0.38918933
-0.82435998
-1.26237161
-1.70020822
-2.13480877
-2.56308797
-2.98195770
-3.38834883
-3.77923336
-4.15164677
-4.50271034
-4.82965339
-5.12983526
-5.40076694
-5.64013209
-5.84580755
-6.01588301
-6.14867991
-6.24276936
-6.29698913
-6.31045961
-6.28259878
-6.21313612
-6.10212561
-5.94995786
-5.75737141
-5.52546338
-5.25569945
-4.94992311
-4.61036403
-4.23964482
-3.84078515
-3.41720131
-2.97269820
-2.51144960
-2.03796141
-1.55701166
-1.07356193
-0.59263703
-0.11917517
0.34214151
0.78705775
1.21189265
1.61363837
1.98999130
2.33931084
2.66051638
2.95294579
3.21620387
3.45002636
3.65417657
3.82838178
3.97230771
4.08556370
4.16772901
4.21839077
4.23718575
4.22384040
4.17820595
4.10028705
3.99026373
3.84850727
3.67559079
3.47229548
3.23961332
2.97874678
2.69110615
2.37830461
2.04215148
1.68464364
1.30795525
0.91442606
0.50654806
0.08695093
-0.34161392
-0.77629046
-1.21413616
-1.65214124
-2.08724859
-2.51637455
-2.93643027
-3.34434342
-3.73708041
-4.11166864
-4.46521884
-4.79494737
-5.09819822
-5.37246462
-5.61541025
-5.82488970
-5.99896831
-6.13594112
-6.23435093
-6.29300536
-6.31099298
-6.28769832
-6.22281593
-6.11636348
-5.96869399
-5.78050717
-5.55286021
-5.28717776
-4.98526133
-4.64929772
-4.28186605
-3.88594223
-3.46489914
-3.02249962
-2.56287833
-2.09050708
-1.61013775
-1.12671704
-0.64526964
-0.17075136
0.29211894
0.73903118
1.16623536
1.57064672
1.94988494
2.30224056
2.62657782
2.92219603
3.18867776
3.42575007
3.63317711
3.81069199
3.95796745
4.07461802
4.16022456
4.21437131
4.23668753
4.22688799
4.18480868
4.11043615
4.00393028
3.86564068
3.69611790
3.49612006
3.26661589
3.00878481
2.72401444
2.41389594
2.08021745
1.72495567
1.35026582
0.95847004
0.55204428
0.13360382
-0.29411252
-0.72825932
-1.16590267
-1.60403920
-2.03961602
-2.46955137
-2.89075587
-3.30015433
-3.69470780
-4.07143586
-4.42743900
-4.75992087
-5.06621034
-5.34378319
-5.59028332
-5.80354334
-5.98160445
-6.12273553
-6.22545126
-6.28852933
-6.31102663
-6.29229443
-6.23199251
-6.13010239
-5.98693961
-5.80316521
-5.57979655
-5.31821738
-5.02018730
-4.68785036
-4.32374224
-3.93079509
-3.51233829
-3.07209244
-2.61415262
-2.14295590
-1.66322696
-1.17989621
-0.69798646
-0.22246904
0.24190258
0.69076532
1.12030140
1.52734964
1.90945256
2.26483064
2.59229129
2.89109339
3.16079556
3.40111492
3.61181557
3.79263616
3.94325645
4.06329649
4.15233918
4.20996637
4.23580035
4.22954461
4.19102024
4.12019600
4.01721179
3.88239572
3.71627582
3.51958716
3.29327527
3.03849646
2.75661562
2.44920182
2.11802191
1.76503229
1.39236911
1.00233674
0.59739489
0.18014427
-0.24668908
-0.68027060
-1.11767521
-1.55590622
-1.99191518
-2.42262247
-2.84493851
-3.25578547
-3.65211930
-4.03095207
-4.38937427
-4.72457711
-5.03387463
-5.31472537
-5.56475374
-5.78177059
-5.96379323
-6.10906457
-6.21607141
-6.28356167
-6.31056078
-6.29638691
-6.24066522
-6.14334124
-6.00469316
-5.82534349
-5.60626987
-5.34881526
-5.05469748
-4.72601791
-4.36526883
-3.97533866
-3.55951321
-3.12147063
-2.66526606
-2.19530115
-1.71627240
-1.23309256
-0.75078080
-0.27432196
0.19149799
0.64226492
1.07409459
1.48374999
1.86869615
2.22708240
2.55765763
2.85963842
3.13255773
3.37612134
3.59009248
3.77421491
3.92817540
4.05159983
4.14407357
4.20517661
4.23452471
4.23181057
4.19684074
4.12956648
4.03010789
3.89877172
3.73606360
3.54269558
3.31958995
3.06787992
2.78890761
2.48421991
2.15556226
1.80487067
1.43426205
1.04602287
0.64259643
0.22656866
-0.19934738
-0.63232821
-1.06945779
-1.50774636
-1.94415017
-2.37559200
-2.79898232
-3.21124090
-3.60931892
-3.99022117
-4.35102842
-4.68891971
-5.00119448
-5.28529436
-5.53882445
-5.75957412
-5.94553700
-6.09493029
-6.20621306
-6.27810371
-6.30959637
-6.29997627
-6.24883415
-6.15607966
-6.02195381
-5.84704069
-5.63227835
-5.37896908
-5.08878904
-4.76379699
-4.40644191
-4.01956849
-3.60641892
-3.17062872
-2.71621272
-2.24753653
-1.76926754
-1.28629950
-0.80364622
-0.32630407
0.14091064
0.59353463
1.02761865
1.43985053
1.82761763
2.18899705
2.52267753
2.82783150
3.10396450
3.35076958
3.56800815
3.75542861
3.91272476
4.03952852
4.13542818
4.20000236
4.23286084
4.23368593
4.20227003
4.13854717
4.04261791
3.91476776
3.75548002
3.56544380
3.34555817
3.09693317
2.82088812
2.51894764
2.19283570
1.84446779
1.47594142
1.08952501
0.68764529
0.27287323
-0.15209130
-0.58443612
-1.02125447
-1.45956373
-1.89632512
-2.32846407
-2.75289134
-3.16652463
-3.56631056
-3.94924693
-4.31240505
-4.65295207
-4.96817312
-5.25549311
-5.51249815
-5.73695633
-5.92683786
-6.08033441
-6.19587759
-6.27215644
-6.30813397
-6.30306268
-6.25649902
-6.16831692
-6.03872036
-5.86825513
-5.65781983
-5.40867619
-5.12245879
-4.80118390
-4.44725726
-4.06347983
-3.65305017
-3.21956097
-2.76698642
-2.29965553
-1.82220564
-1.33951023
-0.85657608
-0.37840908
0.09014620
0.54457930
0.98087752
1.39565428
1.78621913
2.15057596
2.48735183
2.79567315
3.07501625
3.32505999
3.54556297
3.73627778
3.89690511
4.02708318
4.12640363
4.19444419
4.23080916
4.23517093
4.20730813
4.14713788
4.05474138
3.93038310
3.77452409
3.58783054
3.37117834
3.12565435
2.85255502
2.55338264
2.22983960
1.88382075
1.51740410
1.13283986
0.73253799
0.31905433
-0.10492464
-0.53659825
-0.97306924
-1.41136240
-1.84844414
-2.28124279
-2.70666969
-3.12164071
-3.52309819
-3.90803320
-4.27350789
-4.61667777
-4.93481390
-5.22532478
-5.48577773
-5.71391984
-5.90769811
-6.06527893
-6.18506663
-6.26572110
-6.30617446
-6.30564659
-6.26365986
-6.18005261
-6.05499193
-5.88898545
-5.68289245
-5.43793422
-5.15570385
-4.83817523
-4.48771092
-4.10706822
-3.69940195
-3.26826188
-2.81758123
-2.35165183
-1.87508014
-1.39271808
-0.90956381
-0.43063078
0.03921030
0.49540383
0.93387518
1.35116426
1.74450277
2.11182053
2.45168136
2.76316384
3.04571327
3.29899284
3.52275729
3.71676283
3.88071695
4.01426435
4.11700043
4.18850254
4.22836999
4.23626574
4.21195502
4.15533833
4.06647779
3.94561694
3.79319471
3.60985444
3.39644882
3.15404154
2.88390612
2.58752245
2.26657126
1.92292664
1.55864696
1.17596407
0.77727101
0.36510828
-0.05785121
-0.48881852
-0.92490612
-1.36314645
-1.80051132
-2.23393228
-2.66032146
-3.07659317
-3.47968575
-3.86658383
-4.23434064
-4.58010031
-4.90112015
-5.19479244
-5.45866602
-5.69046718
-5.88811997
-6.04976573
-6.17378172
-6.25879888
-6.30371859
-6.30772836
-6.27031658
-6.19128619
-6.07076753
-5.90923020
-5.70749427
-5.46674072
-5.18852127
-4.87476751
-4.52779891
-4.15032910
-3.74546921
-3.31672590
-2.86799114
-2.40351907
-1.92788439
-1.44591632
-0.96260277
-0.48296283
-0.01189126
0.44601324
0.88661577
1.30638365
1.70247082
2.07273226
2.41566705
2.73030413
3.01605594
3.27256845
3.49959147
3.69688421
3.86416080
4.00107261
4.10721916
4.18217793
4.22554375
4.23697059
4.21621072
4.16314833
4.07782668
3.96046857
3.81149091
3.63151423
3.42136808
3.18209292
2.91493932
2.62136472
2.30302806
1.96178260
1.59966691
1.21889435
0.82184086
0.41103144
-0.01087480
-0.44110085
-0.87676913
-1.31491993
-1.75253080
-2.18653665
-2.61385075
-3.03138607
-3.43607724
-3.82490270
-4.19490703
-4.54322328
-4.86709523
-5.16389924
-5.43116591
-5.66660098
-5.86810579
-6.03379682
-6.16202450
-6.25139105
-6.30076727
-6.30930847
-6.27646923
-6.20201727
-6.08604630
-5.92898804
-5.73162346
-5.49509336
-5.22090821
-4.91095738
-4.56751732
-4.19325808
-3.79124701
-3.36494759
-2.91821026
-2.45525094
-1.98061182
-1.49909824
-1.01568632
-0.53539890
-0.06315266
0.39641262
0.83910348
1.26131570
1.66012563
2.03331269
2.37930984
2.69709455
2.98604459
3.24578712
3.47606585
3.67664234
3.84723717
3.98750851
4.09706038
4.17547086
4.22233082
4.23728573
4.22007527
4.17056769
4.08878761
3.97493727
3.82941168
3.65280865
3.44593454
3.20980664
2.94565252
2.65490707
2.33920739
2.00038577
1.64046088
1.26162741
0.86624407
0.45682016
0.03600080
-0.39344913
-0.82866224
-1.26668693
-1.70450666
-2.13906003
-2.56726165
-2.98602346
-3.39227662
-3.78299366
-4.15521079
-4.50605025
-4.83274253
-5.13264836
-5.40328032
-5.64232388
-5.84765788
-6.01737420
-6.14979665
-6.24349888
-6.29732138
-6.31038739
-6.28211788
-6.21224547
-6.10082740
-5.94825765
-5.75527823
-5.52298985
-5.25286185
-4.94674150
-4.60686230
-4.23585074
-3.83673044
-3.41292154
-2.96823269
-2.50684117
-2.03325587
-1.55225713
-1.06880779
-0.58793256
-0.11456799
0.34660716
0.79134263
1.21596378
1.61746964
1.99356347
2.34261075
2.66353573
2.95567962
3.21864915
3.45218076
3.65603765
3.82994657
3.97357262
4.08652466
4.16838186
4.21873162
4.23721142
4.22354875
4.17759625
4.09936017
3.98902238
3.84695610
3.67373645
3.47014672
3.23718094
2.97604367
2.68814719
2.37510668
2.03873333
1.68102582
1.30416002
0.91047721
0.50247083
0.08277184
-0.34586725
-0.78058945
-1.21845149
-1.65644300
-2.09150654
-2.52055828
-2.94050940
-3.34828789
-3.74086062
-4.11525570
-4.46858481
-4.79806546
-5.10104298
-5.37501219
-5.61763855
-5.82677863
-6.00049994
-6.13709988
-6.23512375
-6.29338189
-6.31096569
-6.28726266
-6.22197048
-6.11511008
-5.96703779
-5.77845684
-5.55042796
-5.28437947
-4.98211662
-4.64583006
-4.27810280
-3.88191465
-3.46064239
-3.01805263
-2.55828353
-2.08581000
-1.60538630
-1.12196050
-0.64055740
-0.16613130
0.29660213
0.74333764
1.17033136
1.57450541
1.95348632
2.30557086
2.62962827
2.92496139
3.19115485
3.42793654
3.63507054
3.81228949
3.95926548
4.07561256
4.16091144
4.21474659
4.23674793
4.22663124
4.18423387
4.10954399
4.00272326
3.86412323
3.69429645
3.49400312
3.26421405
3.00611072
2.72108277
2.41072336
2.07682250
1.72135871
1.34648891
0.95453683
0.54797986
0.12943456
-0.29835909
-0.73255473
-1.17021766
-1.60834394
-2.04388028
-2.47374473
